0	3.5365959173809633
1	1.755655858440171
2	3.494542370363535
3	3.5364287539345565
4	3.5364287539345565
5	3.201504831326465
6	3.50858067254182
7	3.5329242902259104
8	3.557371945720067
9	3.5085602251981194
10	14.271546520869041
11	3.5329242902259104
12	3.543397165534841
13	3.5379332249522157
14	3.5365959173809633
15	3.5486316855222375
16	0.8570950021710674
17	3.5365959173809633
18	3.5365959290385134
19	3.536636823725915
20	3.548632431605474
21	3.313647629201715
22	3.5365959173809633
23	3.5329242902259104
24	3.5486316855222375
25	3.5379333065550695
26	14.271546520869041
27	3.7041414633225997
28	3.508556797878252
29	3.543397165534841
30	3.537933213294665
31	3.313811248752748
32	3.5364287539345565
33	1.754346907860681
34	14.271546520869041
35	3.9838298071394873
36	3.5364287539345565
37	1.754346907860681
38	0.8572045190299027
39	3.537933213294665
40	3.536589074398778
41	3.494540656703601
42	3.532926849058261
43	7.115804325534083
44	3.537878469437186
45	4.87829758082776
46	3.5364287539345565
47	0.8572045190299027
48	3.9838298071394873
49	3.5085602193693446
50	3.5433958890330532
51	7.115804325534083
52	3.5085602193693446
53	3.5085602193693446
54	3.5364287539345565
55	3.5364278971045895
56	3.5512495866812173
57	3.5085602193693446
58	3.5364287539345565
59	14.271546520869041
60	3.5085602193693446
61	3.5364287539345565
62	3.494542370363535
63	1.754346907860681
64	3.3136476700031428
65	3.5085602251981194
66	3.5486323266875184
67	3.5085602193693446
68	3.5329242902259104
69	3.5433958890330532
70	3.5379332249522157
71	3.3136202514442004
72	3.5364287539345565
73	3.5486323266875184
74	3.3136202514442004
75	3.536636823725915
76	3.5329242902259104
77	3.313811248752748
78	3.201504831326465
79	3.557371945720067
80	1.754127879971786
81	1.7543468554017034
82	3.201504831326465
83	3.5329242902259104
84	3.532926849058261
85	3.5433958890330532
86	14.271546520869041
87	3.494542370363535
88	1.754346907860681
89	7.115804325534083
90	3.5365959173809633
91	3.536636823725915
92	3.7041414633225997
93	3.5486316855222375
94	3.5433958890330532
95	1.7543472284433212
96	3.592332992340163
97	3.5364287539345565
98	3.5433958890330532
99	0.8572045190299027
100	4.87829758082776
101	3.508556797878252
102	3.5364338657704817
103	0.8570950021710674
104	3.5085602193693446
105	3.5329238647253147
106	3.5379332249522157
107	3.557371945720067
108	3.5486315806042823
109	3.5379332249522157
110	3.494542370363535
111	1.754346907860681
112	3.538260464054282
113	3.5364287539345565
114	3.532918321560018
115	3.5379332249522157
116	3.5085602193693446
117	3.5329242902259104
118	3.5433958890330532
119	1.754346907860681
120	3.5365959173809633
121	3.5364287539345565
122	3.532926849058261
123	1.7543472284433212
124	3.5379332249522157
125	3.5085602193693446
126	3.5486316855222375
127	3.201504831326465
128	3.5365959173809633
129	3.557371945720067
130	3.5379332249522157
131	3.5379332249522157
132	3.313811248752748
133	7.115804325534083
134	3.313647629201715
135	3.5486316855222375
136	3.201504831326465
137	3.5364338657704817
138	3.5486316855222375
139	1.754346907860681
140	3.536589074398778
141	3.494542370363535
142	3.5433958890330532
143	3.313811248752748
144	3.494552594035385
145	3.5486316855222375
146	3.5365959173809633
147	3.557371945720067
148	3.5364287539345565
149	3.532926849058261
150	3.5379332249522157
151	3.201504831326465
152	3.5364287539345565
153	3.543397165534841
154	1.755655858440171
155	3.313811248752748
156	3.494552594035385
157	1.7543468554017034
158	3.201504831326465
159	3.494552594035385
160	1.7543472284433212
161	1.755655858440171
162	3.313647629201715
163	3.5329242902259104
164	1.7543472284433212
165	3.5379333065550695
166	3.5364287539345565
167	3.5085602251981194
168	3.494552594035385
169	3.5481936297444476
170	0.8572045190299027
171	3.2015866381875937
172	3.494542370363535
173	1.7558748338700882
174	1.754346907860681
175	1.754346907860681
176	3.20150484881279
177	3.494540656703601
178	3.5364287539345565
179	3.5433958890330532
180	3.5364278971045895
181	3.557371945720067
182	3.5379332249522157
183	3.3136476700031428
184	3.494542370363535
185	3.494542370363535
186	3.5364287539345565
187	3.543397165534841
188	3.5486316855222375
189	3.494542370363535
190	3.494542370363535
191	3.5085602193693446
192	3.5486316855222375
193	3.5379332249522157
194	3.5364287539345565
195	1.754346907860681
196	1.754346907860681
197	3.313647629201715
198	3.5486316855222375
199	3.5379333065550695
200	14.271546520869041
201	3.5365959173809633
202	3.5364338657704817
203	3.5486316855222375
204	0.8578589914052598
205	3.5085602193693446
206	3.494542370363535
207	3.5364287539345565
208	1.755655858440171
209	3.3136476233729395
210	3.313647629201715
211	3.494540656703601
212	3.543397165534841
213	3.201504831326465
214	3.5364278971045895
215	3.543397165534841
216	3.5433958890330532
217	3.5481936297444476
218	0.8572045190299027
219	3.494542370363535
220	3.5364287539345565
221	1.7543461617774445
222	0.8572045190299027
223	0.8578589914052598
224	3.5365959173809633
225	3.5433958890330532
226	3.5433958890330532
227	3.5379332249522157
228	3.5379332249522157
229	3.5365959173809633
230	3.5364287539345565
231	3.5085602193693446
232	3.5486316855222375
233	0.8572046764068353
234	3.5365959173809633
235	3.5085602193693446
236	3.5486316855222375
237	0.8572044898860263
238	3.5329242902259104
239	0.8572045190299027
240	1.7543472284433212
241	3.508556797878252
242	3.5486323266875184
243	3.5379332249522157
244	3.5365959173809633
245	1.754346907860681
246	3.537878469437186
247	3.3136476700031428
248	3.5329242902259104
249	0.8572045190299027
250	3.3136476700031428
251	3.9838298071394873
252	3.7041414633225997
253	3.5364338657704817
254	3.5486301933557645
255	3.313647629201715
256	3.9838298071394873
257	3.201504831326465
258	3.5364287539345565
259	0.8578589914052598
260	3.5365959173809633
261	3.5365959290385134
262	3.543395673368368
263	3.5379332249522157
264	3.5365959173809633
265	3.7041414633225997
266	3.5364287539345565
267	3.5433958890330532
268	3.3136476700031428
269	3.5364287539345565
270	14.271546520869041
271	3.3136476700031428
272	3.5329242902259104
273	3.5433958890330532
274	1.754346907860681
275	14.271546520869041
276	3.201504825497689
277	3.50858067254182
278	1.754346907860681
279	3.508556797878252
280	3.5364287539345565
281	3.5433958890330532
282	3.5365959173809633
283	3.7041414633225997
284	3.5364338657704817
285	1.754346907860681
286	3.5486323266875184
287	3.313647629201715
288	3.5364287539345565
289	3.313647629201715
290	3.5364287539345565
291	3.5364287539345565
292	14.271546520869041
293	0.8570950021710674
294	3.201504831326465
295	3.494542370363535
296	3.5364278971045895
297	3.5481936297444476
298	3.313647629201715
299	3.532926849058261
300	3.5433958890330532
301	1.754346907860681
302	3.5085602193693446
303	3.5365959290385134
304	3.5495075872419073
305	3.5365959173809633
306	3.536636823725915
307	4.095945227257223
308	3.532926849058261
309	3.2015866381875937
310	3.5365959173809633
311	3.5085602193693446
312	3.5486323266875184
313	3.5486316855222375
314	3.5512495866812173
315	3.313647629201715
316	3.5085602193693446
317	3.5433958890330532
318	3.313647629201715
319	3.494542370363535
320	3.5486316855222375
321	1.754346907860681
322	3.5365959290385134
323	3.494552594035385
324	3.5433958890330532
325	3.2014911395333194
326	3.50858067254182
327	3.5433958890330532
328	0.8572045190299027
329	3.494542370363535
330	3.5329242902259104
331	3.5486316855222375
332	0.8572045190299027
333	4.87829758082776
334	3.313811248752748
335	7.115804325534083
336	3.201504831326465
337	3.20150484881279
338	3.5364287539345565
339	1.754346907860681
340	4.87829758082776
341	3.5365959173809633
342	3.536636823725915
343	3.536589074398778
344	3.50858067254182
345	3.592332992340163
346	3.5433958890330532
347	0.8572046764068353
348	3.313647629201715
349	3.5364287539345565
350	3.5364287539345565
351	3.5486316855222375
352	0.8572045190299027
353	3.201504831326465
354	3.5365959173809633
355	3.5364287539345565
356	3.532926849058261
357	3.5329242902259104
358	3.20150484881279
359	3.494552594035385
360	3.5329242902259104
361	3.5486316855222375
362	3.5379332249522157
363	3.7041414633225997
364	3.532926849058261
365	3.2015866381875937
366	3.5085602251981194
367	3.494542370363535
368	0.8572044898860263
369	3.201504825497689
370	3.536589074398778
371	3.5433958890330532
372	0.8572045190299027
373	0.8572045190299027
374	3.5085602251981194
375	3.5379332249522157
376	3.313647629201715
377	3.201504831326465
378	3.5365959173809633
379	3.5329242902259104
380	3.5486316855222375
381	3.5364287539345565
382	1.754346907860681
383	3.313647629201715
384	3.494552594035385
385	3.5379332249522157
386	3.537878469437186
387	3.5379332249522157
388	3.592332992340163
389	3.5364287539345565
390	3.5486316855222375
391	3.2014911395333194
392	3.201504831326465
393	3.494542370363535
394	3.5486323266875184
395	3.201504831326465
396	3.50858067254182
397	3.5486323266875184
398	3.201504831326465
399	3.5364287539345565
400	3.5364287539345565
401	3.5433958890330532
402	14.271546520869041
403	3.20150484881279
404	3.5433958890330532
405	3.313647629201715
406	3.5365959173809633
407	3.5364287539345565
408	3.5433958890330532
409	3.5329242902259104
410	3.5486316855222375
411	3.313811248752748
412	3.5364287539345565
413	3.5433958890330532
414	1.754346907860681
415	1.755655858440171
416	0.8572045190299027
417	3.313811248752748
418	3.592332992340163
419	3.5365959173809633
420	3.5085602193693446
421	3.5329242902259104
422	3.5486316855222375
423	7.115804325534083
424	3.592332992340163
425	3.5486316855222375
426	0.8572046764068353
427	3.201504831326465
428	3.5364287539345565
429	3.5486316855222375
430	3.5486316855222375
431	3.201504831326465
432	3.5085602193693446
433	3.201504831326465
434	3.494542370363535
435	3.494552594035385
436	3.5433958890330532
437	3.5329238647253147
438	0.8570950021710674
439	3.3136476700031428
440	3.5365959173809633
441	3.557371945720067
442	3.5486323266875184
443	3.5366436667081005
444	3.5329242902259104
445	3.313811248752748
446	3.5365959173809633
447	3.5486316855222375
448	3.5365959173809633
449	3.5365959173809633
450	3.5365959173809633
451	3.5433958890330532
452	0.8572045190299027
453	0.8572046764068353
454	3.313647629201715
455	3.5085602193693446
456	3.5364287539345565
457	14.271546520869041
458	3.313647629201715
459	3.50858067254182
460	0.8572044898860263
461	3.3136476700031428
462	4.87829758082776
463	3.592332992340163
464	3.5486316855222375
465	3.313647629201715
466	3.5085602193693446
467	0.8572045190299027
468	3.536636823725915
469	3.5433958890330532
470	3.3136476700031428
471	3.5364287539345565
472	3.543395673368368
473	3.201504831326465
474	3.5364287539345565
475	3.5433958890330532
476	3.5512495866812173
477	1.755655858440171
478	1.755655858440171
479	3.537878469437186
480	3.5329242902259104
481	3.537933213294665
482	3.201504831326465
483	3.5364287539345565
484	3.5486316855222375
485	3.5329242902259104
486	3.5364287539345565
487	3.201504831326465
488	4.87829758082776
489	3.2014911395333194
490	3.494542370363535
491	1.754346907860681
492	3.201504831326465
493	3.5364287539345565
494	3.9838298071394873
495	3.5364287539345565
496	3.5486316855222375
497	3.5486315806042823
498	1.754346907860681
499	3.201504825497689
0	3.5365959173809633
1	1.755655858440171
2	3.494542370363535
3	3.5364287539345565
4	3.5364287539345565
5	3.201504831326465
6	3.50858067254182
7	3.5329242902259104
8	3.557371945720067
9	3.5085602251981194
10	14.271546520869041
11	3.5329242902259104
12	3.543397165534841
13	3.5379332249522157
14	3.5365959173809633
15	3.5486316855222375
16	0.8570950021710674
17	3.5365959173809633
18	3.5365959290385134
19	3.536636823725915
20	3.548632431605474
21	3.313647629201715
22	3.5365959173809633
23	3.5329242902259104
24	3.5486316855222375
25	3.5379333065550695
26	14.271546520869041
27	3.7041414633225997
28	3.508556797878252
29	3.543397165534841
30	3.537933213294665
31	3.313811248752748
32	3.5364287539345565
33	1.754346907860681
34	14.271546520869041
35	3.9838298071394873
36	3.5364287539345565
37	1.754346907860681
38	0.8572045190299027
39	3.537933213294665
40	3.536589074398778
41	3.494540656703601
42	3.532926849058261
43	7.115804325534083
44	3.537878469437186
45	4.87829758082776
46	3.5364287539345565
47	0.8572045190299027
48	3.9838298071394873
49	3.5085602193693446
50	3.5433958890330532
51	7.115804325534083
52	3.5085602193693446
53	3.5085602193693446
54	3.5364287539345565
55	3.5364278971045895
56	3.5512495866812173
57	3.5085602193693446
58	3.5364287539345565
59	14.271546520869041
60	3.5085602193693446
61	3.5364287539345565
62	3.494542370363535
63	1.754346907860681
64	3.3136476700031428
65	3.5085602251981194
66	3.5486323266875184
67	3.5085602193693446
68	3.5329242902259104
69	3.5433958890330532
70	3.5379332249522157
71	3.3136202514442004
72	3.5364287539345565
73	3.5486323266875184
74	3.3136202514442004
75	3.536636823725915
76	3.5329242902259104
77	3.313811248752748
78	3.201504831326465
79	3.557371945720067
80	1.754127879971786
81	1.7543468554017034
82	3.201504831326465
83	3.5329242902259104
84	3.532926849058261
85	3.5433958890330532
86	14.271546520869041
87	3.494542370363535
88	1.754346907860681
89	7.115804325534083
90	3.5365959173809633
91	3.536636823725915
92	3.7041414633225997
93	3.5486316855222375
94	3.5433958890330532
95	1.7543472284433212
96	3.592332992340163
97	3.5364287539345565
98	3.5433958890330532
99	0.8572045190299027
100	4.87829758082776
101	3.508556797878252
102	3.5364338657704817
103	0.8570950021710674
104	3.5085602193693446
105	3.5329238647253147
106	3.5379332249522157
107	3.557371945720067
108	3.5486315806042823
109	3.5379332249522157
110	3.494542370363535
111	1.754346907860681
112	3.538260464054282
113	3.5364287539345565
114	3.532918321560018
115	3.5379332249522157
116	3.5085602193693446
117	3.5329242902259104
118	3.5433958890330532
119	1.754346907860681
120	3.5365959173809633
121	3.5364287539345565
122	3.532926849058261
123	1.7543472284433212
124	3.5379332249522157
125	3.5085602193693446
126	3.5486316855222375
127	3.201504831326465
128	3.5365959173809633
129	3.557371945720067
130	3.5379332249522157
131	3.5379332249522157
132	3.313811248752748
133	7.115804325534083
134	3.313647629201715
135	3.5486316855222375
136	3.201504831326465
137	3.5364338657704817
138	3.5486316855222375
139	1.754346907860681
140	3.536589074398778
141	3.494542370363535
142	3.5433958890330532
143	3.313811248752748
144	3.494552594035385
145	3.5486316855222375
146	3.5365959173809633
147	3.557371945720067
148	3.5364287539345565
149	3.532926849058261
150	3.5379332249522157
151	3.201504831326465
152	3.5364287539345565
153	3.543397165534841
154	1.755655858440171
155	3.313811248752748
156	3.494552594035385
157	1.7543468554017034
158	3.201504831326465
159	3.494552594035385
160	1.7543472284433212
161	1.755655858440171
162	3.313647629201715
163	3.5329242902259104
164	1.7543472284433212
165	3.5379333065550695
166	3.5364287539345565
167	3.5085602251981194
168	3.494552594035385
169	3.5481936297444476
170	0.8572045190299027
171	3.2015866381875937
172	3.494542370363535
173	1.7558748338700882
174	1.754346907860681
175	1.754346907860681
176	3.20150484881279
177	3.494540656703601
178	3.5364287539345565
179	3.5433958890330532
180	3.5364278971045895
181	3.557371945720067
182	3.5379332249522157
183	3.3136476700031428
184	3.494542370363535
185	3.494542370363535
186	3.5364287539345565
187	3.543397165534841
188	3.5486316855222375
189	3.494542370363535
190	3.494542370363535
191	3.5085602193693446
192	3.5486316855222375
193	3.5379332249522157
194	3.5364287539345565
195	1.754346907860681
196	1.754346907860681
197	3.313647629201715
198	3.5486316855222375
199	3.5379333065550695
200	14.271546520869041
201	3.5365959173809633
202	3.5364338657704817
203	3.5486316855222375
204	0.8578589914052598
205	3.5085602193693446
206	3.494542370363535
207	3.5364287539345565
208	1.755655858440171
209	3.3136476233729395
210	3.313647629201715
211	3.494540656703601
212	3.543397165534841
213	3.201504831326465
214	3.5364278971045895
215	3.543397165534841
216	3.5433958890330532
217	3.5481936297444476
218	0.8572045190299027
219	3.494542370363535
220	3.5364287539345565
221	1.7543461617774445
222	0.8572045190299027
223	0.8578589914052598
224	3.5365959173809633
225	3.5433958890330532
226	3.5433958890330532
227	3.5379332249522157
228	3.5379332249522157
229	3.5365959173809633
230	3.5364287539345565
231	3.5085602193693446
232	3.5486316855222375
233	0.8572046764068353
234	3.5365959173809633
235	3.5085602193693446
236	3.5486316855222375
237	0.8572044898860263
238	3.5329242902259104
239	0.8572045190299027
240	1.7543472284433212
241	3.508556797878252
242	3.5486323266875184
243	3.5379332249522157
244	3.5365959173809633
245	1.754346907860681
246	3.537878469437186
247	3.3136476700031428
248	3.5329242902259104
249	0.8572045190299027
250	3.3136476700031428
251	3.9838298071394873
252	3.7041414633225997
253	3.5364338657704817
254	3.5486301933557645
255	3.313647629201715
256	3.9838298071394873
257	3.201504831326465
258	3.5364287539345565
259	0.8578589914052598
260	3.5365959173809633
261	3.5365959290385134
262	3.543395673368368
263	3.5379332249522157
264	3.5365959173809633
265	3.7041414633225997
266	3.5364287539345565
267	3.5433958890330532
268	3.3136476700031428
269	3.5364287539345565
270	14.271546520869041
271	3.3136476700031428
272	3.5329242902259104
273	3.5433958890330532
274	1.754346907860681
275	14.271546520869041
276	3.201504825497689
277	3.50858067254182
278	1.754346907860681
279	3.508556797878252
280	3.5364287539345565
281	3.5433958890330532
282	3.5365959173809633
283	3.7041414633225997
284	3.5364338657704817
285	1.754346907860681
286	3.5486323266875184
287	3.313647629201715
288	3.5364287539345565
289	3.313647629201715
290	3.5364287539345565
291	3.5364287539345565
292	14.271546520869041
293	0.8570950021710674
294	3.201504831326465
295	3.494542370363535
296	3.5364278971045895
297	3.5481936297444476
298	3.313647629201715
299	3.532926849058261
300	3.5433958890330532
301	1.754346907860681
302	3.5085602193693446
303	3.5365959290385134
304	3.5495075872419073
305	3.5365959173809633
306	3.536636823725915
307	4.095945227257223
308	3.532926849058261
309	3.2015866381875937
310	3.5365959173809633
311	3.5085602193693446
312	3.5486323266875184
313	3.5486316855222375
314	3.5512495866812173
315	3.313647629201715
316	3.5085602193693446
317	3.5433958890330532
318	3.313647629201715
319	3.494542370363535
320	3.5486316855222375
321	1.754346907860681
322	3.5365959290385134
323	3.494552594035385
324	3.5433958890330532
325	3.2014911395333194
326	3.50858067254182
327	3.5433958890330532
328	0.8572045190299027
329	3.494542370363535
330	3.5329242902259104
331	3.5486316855222375
332	0.8572045190299027
333	4.87829758082776
334	3.313811248752748
335	7.115804325534083
336	3.201504831326465
337	3.20150484881279
338	3.5364287539345565
339	1.754346907860681
340	4.87829758082776
341	3.5365959173809633
342	3.536636823725915
343	3.536589074398778
344	3.50858067254182
345	3.592332992340163
346	3.5433958890330532
347	0.8572046764068353
348	3.313647629201715
349	3.5364287539345565
350	3.5364287539345565
351	3.5486316855222375
352	0.8572045190299027
353	3.201504831326465
354	3.5365959173809633
355	3.5364287539345565
356	3.532926849058261
357	3.5329242902259104
358	3.20150484881279
359	3.494552594035385
360	3.5329242902259104
361	3.5486316855222375
362	3.5379332249522157
363	3.7041414633225997
364	3.532926849058261
365	3.2015866381875937
366	3.5085602251981194
367	3.494542370363535
368	0.8572044898860263
369	3.201504825497689
370	3.536589074398778
371	3.5433958890330532
372	0.8572045190299027
373	0.8572045190299027
374	3.5085602251981194
375	3.5379332249522157
376	3.313647629201715
377	3.201504831326465
378	3.5365959173809633
379	3.5329242902259104
380	3.5486316855222375
381	3.5364287539345565
382	1.754346907860681
383	3.313647629201715
384	3.494552594035385
385	3.5379332249522157
386	3.537878469437186
387	3.5379332249522157
388	3.592332992340163
389	3.5364287539345565
390	3.5486316855222375
391	3.2014911395333194
392	3.201504831326465
393	3.494542370363535
394	3.5486323266875184
395	3.201504831326465
396	3.50858067254182
397	3.5486323266875184
398	3.201504831326465
399	3.5364287539345565
400	3.5364287539345565
401	3.5433958890330532
402	14.271546520869041
403	3.20150484881279
404	3.5433958890330532
405	3.313647629201715
406	3.5365959173809633
407	3.5364287539345565
408	3.5433958890330532
409	3.5329242902259104
410	3.5486316855222375
411	3.313811248752748
412	3.5364287539345565
413	3.5433958890330532
414	1.754346907860681
415	1.755655858440171
416	0.8572045190299027
417	3.313811248752748
418	3.592332992340163
419	3.5365959173809633
420	3.5085602193693446
421	3.5329242902259104
422	3.5486316855222375
423	7.115804325534083
424	3.592332992340163
425	3.5486316855222375
426	0.8572046764068353
427	3.201504831326465
428	3.5364287539345565
429	3.5486316855222375
430	3.5486316855222375
431	3.201504831326465
432	3.5085602193693446
433	3.201504831326465
434	3.494542370363535
435	3.494552594035385
436	3.5433958890330532
437	3.5329238647253147
438	0.8570950021710674
439	3.3136476700031428
440	3.5365959173809633
441	3.557371945720067
442	3.5486323266875184
443	3.5366436667081005
444	3.5329242902259104
445	3.313811248752748
446	3.5365959173809633
447	3.5486316855222375
448	3.5365959173809633
449	3.5365959173809633
450	3.5365959173809633
451	3.5433958890330532
452	0.8572045190299027
453	0.8572046764068353
454	3.313647629201715
455	3.5085602193693446
456	3.5364287539345565
457	14.271546520869041
458	3.313647629201715
459	3.50858067254182
460	0.8572044898860263
461	3.3136476700031428
462	4.87829758082776
463	3.592332992340163
464	3.5486316855222375
465	3.313647629201715
466	3.5085602193693446
467	0.8572045190299027
468	3.536636823725915
469	3.5433958890330532
470	3.3136476700031428
471	3.5364287539345565
472	3.543395673368368
473	3.201504831326465
474	3.5364287539345565
475	3.5433958890330532
476	3.5512495866812173
477	1.755655858440171
478	1.755655858440171
479	3.537878469437186
480	3.5329242902259104
481	3.537933213294665
482	3.201504831326465
483	3.5364287539345565
484	3.5486316855222375
485	3.5329242902259104
486	3.5364287539345565
487	3.201504831326465
488	4.87829758082776
489	3.2014911395333194
490	3.494542370363535
491	1.754346907860681
492	3.201504831326465
493	3.5364287539345565
494	3.9838298071394873
495	3.5364287539345565
496	3.5486316855222375
497	3.5486315806042823
498	1.754346907860681
499	3.201504825497689
