0	1.6077420059782341
1	1.5387163820353786
2	1.5447178289638284
3	1.7278427460877557
4	1.5357964118392864
5	1.5409646810700552
6	1.4401306317708087
7	0.770482478196154
8	0.3852412378466122
9	0.3852411702675138
10	1.5420888318388586
11	1.4401306317708087
12	1.5387163820353786
13	1.5387163820353786
14	1.5409646810700552
15	1.7278427460877557
16	1.5365111834478713
17	1.5357268253914238
18	1.5409646810700552
19	1.5357268253914238
20	1.5409646810700552
21	0.3852411702675138
22	1.440060389555399
23	1.7278427460877557
24	1.4401306317708087
25	1.5237576284753047
26	1.5409646810700552
27	1.4400603720348921
28	1.5177382330389197
29	1.5447178289638284
30	1.5357246303221919
31	1.5387163820353786
32	1.5387163820353786
33	1.4400603720348921
34	1.5357964118392864
35	1.5177382330389197
36	1.5358139773989976
37	1.5357964118392864
38	1.5237576259723753
39	1.5177382330389197
40	1.5387163820353786
41	0.3852411702675138
42	1.5409646810700552
43	0.3852411702675138
44	1.3919052260643194
45	1.5342208802491764
46	1.5420888318388586
47	0.3852411702675138
48	1.5358139773989976
49	1.5237576259723753
50	1.5409646810700552
51	1.5365111834478713
52	0.3852412378466122
53	1.4400603720348921
54	1.534219781463096
55	1.5420888318388586
56	1.5387163820353786
57	0.7704823405350276
58	1.5357964118392864
59	1.3919052335731081
60	1.534219781463096
61	0.3852412378466122
62	0.3855222067082498
63	0.7704823405350276
64	1.4400603720348921
65	1.5177382330389197
66	1.523766408752231
67	1.538716930176954
68	1.5237576259723753
69	1.5342208802491764
70	1.534219781463096
71	0.3852412378466122
72	0.3852412378466122
73	1.3919052335731081
74	1.5342208802491764
75	1.5342208802491764
76	0.7704823405350276
77	1.440060389555399
78	1.5177382330389197
79	1.5447178289638284
80	1.540964956392308
81	1.5409646810700552
82	1.5409646810700552
83	0.770482478196154
84	1.440060389555399
85	1.5363706639760382
86	0.3852412378466122
87	1.3919403546808125
88	1.4400603720348921
89	1.4401306317708087
90	1.5177382330389197
91	1.5447178289638284
92	1.538716930176954
93	1.540964956392308
94	1.5363706990170525
95	1.5365111834478713
96	1.4400603720348921
97	1.5357246303221919
98	1.5357246303221919
99	1.5409646810700552
100	1.5597304230418492
101	1.5447178289638284
102	1.5387163820353786
103	1.5409646810700552
104	1.5237576284753047
105	1.5358139773989976
106	1.5177426231773827
107	1.5342208802491764
108	3.0727413304550057
109	1.4400603720348921
110	1.5357246303221919
111	1.5357268253914238
112	1.5387163820353786
113	0.7704823405350276
114	1.5409646810700552
115	0.3852411702675138
116	0.3852411702675138
117	1.5363706639760382
118	1.5363706639760382
119	1.5365111834478713
120	1.5237576284753047
121	1.5237576259723753
122	1.5357964118392864
123	1.5357246303221919
124	1.538716930176954
125	0.7704823405350276
126	0.3852412378466122
127	1.5237576259723753
128	1.5357268253914238
129	1.5365111834478713
130	1.523766408752231
131	1.5357246303221919
132	1.5177382330389197
133	1.3919052335731081
134	1.4401306317708087
135	1.3919052335731081
136	1.5237576259723753
137	1.534219781463096
138	1.5342208802491764
139	1.5597304230418492
140	1.5357246303221919
141	1.5177426231773827
142	0.3852411702675138
143	1.5237576259723753
144	1.5237576284753047
145	1.5387163820353786
146	0.770482478196154
147	2.1119354120817655
148	1.3919052335731081
149	1.5237576259723753
150	1.5420888318388586
151	0.770482478196154
152	0.7704823405350276
153	1.4400603720348921
154	0.7704823405350276
155	1.5363706990170525
156	1.5357246303221919
157	1.534219781463096
158	1.5357268253914238
159	1.5357246303221919
160	0.770482478196154
161	1.440060389555399
162	1.5237576259723753
163	1.534219781463096
164	1.5177382330389197
165	1.5357246303221919
166	1.5363706639760382
167	1.5177426231773827
168	1.5357964118392864
169	1.534219781463096
170	1.534219781463096
171	1.5387163820353786
172	1.5409646810700552
173	1.3919052260643194
174	1.5237576259723753
175	1.5237576284753047
176	1.5409646810700552
177	0.3852412378466122
178	1.5363706639760382
179	1.5237576259723753
180	1.5357964118392864
181	1.440060389555399
182	1.5237576259723753
183	1.5409646810700552
184	1.540964956392308
185	1.4401306317708087
186	1.534219781463096
187	1.5357246303221919
188	1.5387163820353786
189	1.440060389555399
190	1.5357964118392864
191	1.5357246303221919
192	1.5357246303221919
193	0.3852411702675138
194	0.3852412378466122
195	1.5357964118392864
196	1.534219781463096
197	0.770482478196154
198	1.5363706639760382
199	1.5237576259723753
200	1.534219781463096
201	0.3852411702675138
202	6.1454826609100115
203	1.4400603720348921
204	1.5177382330389197
205	1.534219781463096
206	1.4400603720348921
207	1.3919052335731081
208	1.3919403546808125
209	1.5177382330389197
210	1.5357246303221919
211	1.5177426231773827
212	1.5387163820353786
213	1.3919052260643194
214	1.3919052335731081
215	1.4401306317708087
216	1.523766408752231
217	1.5237576259723753
218	1.5237576259723753
219	1.5237576259723753
220	1.5357964118392864
221	1.5357964118392864
222	1.534219781463096
223	0.3852411702675138
224	1.4400603720348921
225	1.5358139773989976
226	1.5597304230418492
227	1.5387163820353786
228	0.7710444159194293
229	1.3919052260643194
230	1.7278427460877557
231	1.4401306317708087
232	1.6077420059782341
233	1.538716930176954
234	0.3852411702675138
235	0.770482478196154
236	1.523766408752231
237	1.534219781463096
238	1.5409646810700552
239	0.7704823405350276
240	0.3852411702675138
241	1.5420888318388586
242	1.440060389555399
243	1.5342208802491764
244	0.7704823405350276
245	1.5357964118392864
246	1.5357964118392864
247	1.5597304230418492
248	1.5177382330389197
249	1.5342208802491764
250	0.7704823405350276
251	1.440060389555399
252	1.6077420059782341
253	1.534219781463096
254	1.5387163820353786
255	1.5409646810700552
256	0.3852412378466122
257	1.5357268253914238
258	1.5409646810700552
259	1.5363706990170525
260	1.3919052260643194
261	1.5237576284753047
262	1.534219781463096
263	0.3852412378466122
264	0.3852411702675138
265	1.534219781463096
266	1.5420888318388586
267	1.6077420059782341
268	1.5177382330389197
269	1.5409646810700552
270	2.1119354120817655
271	1.3919052260643194
272	1.5358139773989976
273	1.5357964168451455
274	1.5447178289638284
275	0.7704823405350276
276	1.5387163820353786
277	0.7710444159194293
278	1.5177382330389197
279	1.5409646810700552
280	0.3852411702675138
281	1.5409646810700552
282	0.7710444159194293
283	1.3919052335731081
284	1.3919052335731081
285	1.5177382330389197
286	1.5387163820353786
287	1.3919052260643194
288	1.534219781463096
289	3.0727413304550057
290	1.5363706639760382
291	3.0727413304550057
292	1.5357246303221919
293	1.540964956392308
294	1.5363706990170525
295	1.5177382330389197
296	1.5357268253914238
297	1.538716930176954
298	1.5365111834478713
299	1.440060389555399
300	1.3919403546808125
301	1.5358139773989976
302	1.5177382330389197
303	1.5237576284753047
304	1.5358139773989976
305	1.5177382330389197
306	1.5387163820353786
307	1.5363706639760382
308	1.5363706639760382
309	1.5357246303221919
310	1.5177382330389197
311	1.523766408752231
312	0.3855222067082498
313	1.5357964118392864
314	1.3919052335731081
315	1.5357246303221919
316	1.523766408752231
317	1.523766408752231
318	1.5387163820353786
319	1.540964956392308
320	0.3852412378466122
321	1.5357964168451455
322	1.5357268253914238
323	1.5387163820353786
324	1.5357268253914238
325	1.5387163820353786
326	1.5357246303221919
327	1.5357246303221919
328	0.7704823405350276
329	1.5363706639760382
330	3.0727413304550057
331	1.5177426231773827
332	1.5357246303221919
333	0.7704823405350276
334	1.4401306317708087
335	1.5177382330389197
336	1.5177382330389197
337	1.534219781463096
338	1.5409646810700552
339	1.5363706639760382
340	1.4400603720348921
341	1.5597304230418492
342	1.5357246303221919
343	1.5177426231773827
344	1.540964956392308
345	1.5357964118392864
346	1.5357964118392864
347	1.5357268253914238
348	0.7710444159194293
349	1.3919052260643194
350	1.3919052335731081
351	1.3919052335731081
352	1.5357964118392864
353	1.5357268253914238
354	0.7704823405350276
355	1.4400603720348921
356	1.5357964118392864
357	1.5237576259723753
358	1.5357268253914238
359	1.5357246303221919
360	1.5409646810700552
361	1.4400603720348921
362	0.3855222067082498
363	1.5363706990170525
364	1.523766408752231
365	0.7704823405350276
366	1.5420888318388586
367	1.5363706639760382
368	1.5357964118392864
369	1.5177382330389197
370	1.5597304230418492
371	1.538716930176954
372	0.3852411702675138
373	0.3852411702675138
374	1.4400603720348921
375	1.5357964118392864
376	1.5237576284753047
377	1.5357268253914238
378	1.5409646810700552
379	0.7710444159194293
380	1.5387163820353786
381	2.1119354120817655
382	1.440060389555399
383	2.1119354120817655
384	1.3919403546808125
385	1.5237576259723753
386	1.5357964118392864
387	1.534219781463096
388	1.534219781463096
389	0.770482478196154
390	1.3919052335731081
391	1.5177382330389197
392	1.5447178289638284
393	1.534219781463096
394	1.534219781463096
395	1.5409646810700552
396	1.5365111834478713
397	1.5177426231773827
398	1.534219781463096
399	1.538716930176954
400	0.7710444159194293
401	0.3852411702675138
402	1.5365111834478713
403	1.5357268253914238
404	1.5177382330389197
405	1.5357246303221919
406	6.1454826609100115
407	1.3919052260643194
408	1.440060389555399
409	1.5357964168451455
410	1.5409646810700552
411	0.3852411702675138
412	0.770482478196154
413	1.5237576259723753
414	1.534219781463096
415	1.5387163820353786
416	1.5420888318388586
417	1.5357964118392864
418	1.523766408752231
419	1.5237576259723753
420	1.5387163820353786
421	1.5409646810700552
422	1.5409646810700552
423	1.5363706639760382
424	1.4400603720348921
425	1.3919052260643194
426	1.5357246303221919
427	1.5387163820353786
428	1.5409646810700552
429	0.770482478196154
430	1.5409646810700552
431	0.3852411702675138
432	1.440060389555399
433	1.5177426231773827
434	1.5387163820353786
435	1.5387163820353786
436	0.3852411702675138
437	2.1119354120817655
438	1.3919052260643194
439	0.7704823405350276
440	1.3919052260643194
441	1.4401306317708087
442	1.5177382330389197
443	1.5409646810700552
444	0.770482478196154
445	2.1119354120817655
446	1.3919403546808125
447	1.5177382330389197
448	1.5177382330389197
449	1.3919403546808125
450	1.5357246303221919
451	1.5177382330389197
452	1.4401306317708087
453	1.5177426231773827
454	1.534219781463096
455	1.5387163820353786
456	1.5365111834478713
457	1.5177382330389197
458	0.3852411702675138
459	1.5363706990170525
460	1.5177382330389197
461	1.534219781463096
462	1.5409646810700552
463	1.5363706639760382
464	1.5363706990170525
465	1.4400603720348921
466	1.5177382330389197
467	1.5387163820353786
468	1.5420888318388586
469	1.540964956392308
470	1.3919052335731081
471	1.6077420059782341
472	1.534219781463096
473	0.3855222067082498
474	3.0727413304550057
475	1.3919052335731081
476	1.5237576259723753
477	1.5177426231773827
478	1.5357268253914238
479	1.5387163820353786
480	1.5177382330389197
481	1.534219781463096
482	1.5177382330389197
483	1.534219781463096
484	1.5409646810700552
485	1.4400603720348921
486	0.3855222067082498
487	1.5177382330389197
488	1.523766408752231
489	1.5597304230418492
490	0.7704823405350276
491	0.3852411702675138
492	1.5365111834478713
493	1.4401306317708087
494	1.6077420059782341
495	1.3919052260643194
496	1.5357246303221919
497	0.3852411702675138
498	0.3855222067082498
499	1.5363706990170525
0	1.6077420059782341
1	1.5387163820353786
2	1.5447178289638284
3	1.7278427460877557
4	1.5357964118392864
5	1.5409646810700552
6	1.4401306317708087
7	0.770482478196154
8	0.3852412378466122
9	0.3852411702675138
10	1.5420888318388586
11	1.4401306317708087
12	1.5387163820353786
13	1.5387163820353786
14	1.5409646810700552
15	1.7278427460877557
16	1.5365111834478713
17	1.5357268253914238
18	1.5409646810700552
19	1.5357268253914238
20	1.5409646810700552
21	0.3852411702675138
22	1.440060389555399
23	1.7278427460877557
24	1.4401306317708087
25	1.5237576284753047
26	1.5409646810700552
27	1.4400603720348921
28	1.5177382330389197
29	1.5447178289638284
30	1.5357246303221919
31	1.5387163820353786
32	1.5387163820353786
33	1.4400603720348921
34	1.5357964118392864
35	1.5177382330389197
36	1.5358139773989976
37	1.5357964118392864
38	1.5237576259723753
39	1.5177382330389197
40	1.5387163820353786
41	0.3852411702675138
42	1.5409646810700552
43	0.3852411702675138
44	1.3919052260643194
45	1.5342208802491764
46	1.5420888318388586
47	0.3852411702675138
48	1.5358139773989976
49	1.5237576259723753
50	1.5409646810700552
51	1.5365111834478713
52	0.3852412378466122
53	1.4400603720348921
54	1.534219781463096
55	1.5420888318388586
56	1.5387163820353786
57	0.7704823405350276
58	1.5357964118392864
59	1.3919052335731081
60	1.534219781463096
61	0.3852412378466122
62	0.3855222067082498
63	0.7704823405350276
64	1.4400603720348921
65	1.5177382330389197
66	1.523766408752231
67	1.538716930176954
68	1.5237576259723753
69	1.5342208802491764
70	1.534219781463096
71	0.3852412378466122
72	0.3852412378466122
73	1.3919052335731081
74	1.5342208802491764
75	1.5342208802491764
76	0.7704823405350276
77	1.440060389555399
78	1.5177382330389197
79	1.5447178289638284
80	1.540964956392308
81	1.5409646810700552
82	1.5409646810700552
83	0.770482478196154
84	1.440060389555399
85	1.5363706639760382
86	0.3852412378466122
87	1.3919403546808125
88	1.4400603720348921
89	1.4401306317708087
90	1.5177382330389197
91	1.5447178289638284
92	1.538716930176954
93	1.540964956392308
94	1.5363706990170525
95	1.5365111834478713
96	1.4400603720348921
97	1.5357246303221919
98	1.5357246303221919
99	1.5409646810700552
100	1.5597304230418492
101	1.5447178289638284
102	1.5387163820353786
103	1.5409646810700552
104	1.5237576284753047
105	1.5358139773989976
106	1.5177426231773827
107	1.5342208802491764
108	3.0727413304550057
109	1.4400603720348921
110	1.5357246303221919
111	1.5357268253914238
112	1.5387163820353786
113	0.7704823405350276
114	1.5409646810700552
115	0.3852411702675138
116	0.3852411702675138
117	1.5363706639760382
118	1.5363706639760382
119	1.5365111834478713
120	1.5237576284753047
121	1.5237576259723753
122	1.5357964118392864
123	1.5357246303221919
124	1.538716930176954
125	0.7704823405350276
126	0.3852412378466122
127	1.5237576259723753
128	1.5357268253914238
129	1.5365111834478713
130	1.523766408752231
131	1.5357246303221919
132	1.5177382330389197
133	1.3919052335731081
134	1.4401306317708087
135	1.3919052335731081
136	1.5237576259723753
137	1.534219781463096
138	1.5342208802491764
139	1.5597304230418492
140	1.5357246303221919
141	1.5177426231773827
142	0.3852411702675138
143	1.5237576259723753
144	1.5237576284753047
145	1.5387163820353786
146	0.770482478196154
147	2.1119354120817655
148	1.3919052335731081
149	1.5237576259723753
150	1.5420888318388586
151	0.770482478196154
152	0.7704823405350276
153	1.4400603720348921
154	0.7704823405350276
155	1.5363706990170525
156	1.5357246303221919
157	1.534219781463096
158	1.5357268253914238
159	1.5357246303221919
160	0.770482478196154
161	1.440060389555399
162	1.5237576259723753
163	1.534219781463096
164	1.5177382330389197
165	1.5357246303221919
166	1.5363706639760382
167	1.5177426231773827
168	1.5357964118392864
169	1.534219781463096
170	1.534219781463096
171	1.5387163820353786
172	1.5409646810700552
173	1.3919052260643194
174	1.5237576259723753
175	1.5237576284753047
176	1.5409646810700552
177	0.3852412378466122
178	1.5363706639760382
179	1.5237576259723753
180	1.5357964118392864
181	1.440060389555399
182	1.5237576259723753
183	1.5409646810700552
184	1.540964956392308
185	1.4401306317708087
186	1.534219781463096
187	1.5357246303221919
188	1.5387163820353786
189	1.440060389555399
190	1.5357964118392864
191	1.5357246303221919
192	1.5357246303221919
193	0.3852411702675138
194	0.3852412378466122
195	1.5357964118392864
196	1.534219781463096
197	0.770482478196154
198	1.5363706639760382
199	1.5237576259723753
200	1.534219781463096
201	0.3852411702675138
202	6.1454826609100115
203	1.4400603720348921
204	1.5177382330389197
205	1.534219781463096
206	1.4400603720348921
207	1.3919052335731081
208	1.3919403546808125
209	1.5177382330389197
210	1.5357246303221919
211	1.5177426231773827
212	1.5387163820353786
213	1.3919052260643194
214	1.3919052335731081
215	1.4401306317708087
216	1.523766408752231
217	1.5237576259723753
218	1.5237576259723753
219	1.5237576259723753
220	1.5357964118392864
221	1.5357964118392864
222	1.534219781463096
223	0.3852411702675138
224	1.4400603720348921
225	1.5358139773989976
226	1.5597304230418492
227	1.5387163820353786
228	0.7710444159194293
229	1.3919052260643194
230	1.7278427460877557
231	1.4401306317708087
232	1.6077420059782341
233	1.538716930176954
234	0.3852411702675138
235	0.770482478196154
236	1.523766408752231
237	1.534219781463096
238	1.5409646810700552
239	0.7704823405350276
240	0.3852411702675138
241	1.5420888318388586
242	1.440060389555399
243	1.5342208802491764
244	0.7704823405350276
245	1.5357964118392864
246	1.5357964118392864
247	1.5597304230418492
248	1.5177382330389197
249	1.5342208802491764
250	0.7704823405350276
251	1.440060389555399
252	1.6077420059782341
253	1.534219781463096
254	1.5387163820353786
255	1.5409646810700552
256	0.3852412378466122
257	1.5357268253914238
258	1.5409646810700552
259	1.5363706990170525
260	1.3919052260643194
261	1.5237576284753047
262	1.534219781463096
263	0.3852412378466122
264	0.3852411702675138
265	1.534219781463096
266	1.5420888318388586
267	1.6077420059782341
268	1.5177382330389197
269	1.5409646810700552
270	2.1119354120817655
271	1.3919052260643194
272	1.5358139773989976
273	1.5357964168451455
274	1.5447178289638284
275	0.7704823405350276
276	1.5387163820353786
277	0.7710444159194293
278	1.5177382330389197
279	1.5409646810700552
280	0.3852411702675138
281	1.5409646810700552
282	0.7710444159194293
283	1.3919052335731081
284	1.3919052335731081
285	1.5177382330389197
286	1.5387163820353786
287	1.3919052260643194
288	1.534219781463096
289	3.0727413304550057
290	1.5363706639760382
291	3.0727413304550057
292	1.5357246303221919
293	1.540964956392308
294	1.5363706990170525
295	1.5177382330389197
296	1.5357268253914238
297	1.538716930176954
298	1.5365111834478713
299	1.440060389555399
300	1.3919403546808125
301	1.5358139773989976
302	1.5177382330389197
303	1.5237576284753047
304	1.5358139773989976
305	1.5177382330389197
306	1.5387163820353786
307	1.5363706639760382
308	1.5363706639760382
309	1.5357246303221919
310	1.5177382330389197
311	1.523766408752231
312	0.3855222067082498
313	1.5357964118392864
314	1.3919052335731081
315	1.5357246303221919
316	1.523766408752231
317	1.523766408752231
318	1.5387163820353786
319	1.540964956392308
320	0.3852412378466122
321	1.5357964168451455
322	1.5357268253914238
323	1.5387163820353786
324	1.5357268253914238
325	1.5387163820353786
326	1.5357246303221919
327	1.5357246303221919
328	0.7704823405350276
329	1.5363706639760382
330	3.0727413304550057
331	1.5177426231773827
332	1.5357246303221919
333	0.7704823405350276
334	1.4401306317708087
335	1.5177382330389197
336	1.5177382330389197
337	1.534219781463096
338	1.5409646810700552
339	1.5363706639760382
340	1.4400603720348921
341	1.5597304230418492
342	1.5357246303221919
343	1.5177426231773827
344	1.540964956392308
345	1.5357964118392864
346	1.5357964118392864
347	1.5357268253914238
348	0.7710444159194293
349	1.3919052260643194
350	1.3919052335731081
351	1.3919052335731081
352	1.5357964118392864
353	1.5357268253914238
354	0.7704823405350276
355	1.4400603720348921
356	1.5357964118392864
357	1.5237576259723753
358	1.5357268253914238
359	1.5357246303221919
360	1.5409646810700552
361	1.4400603720348921
362	0.3855222067082498
363	1.5363706990170525
364	1.523766408752231
365	0.7704823405350276
366	1.5420888318388586
367	1.5363706639760382
368	1.5357964118392864
369	1.5177382330389197
370	1.5597304230418492
371	1.538716930176954
372	0.3852411702675138
373	0.3852411702675138
374	1.4400603720348921
375	1.5357964118392864
376	1.5237576284753047
377	1.5357268253914238
378	1.5409646810700552
379	0.7710444159194293
380	1.5387163820353786
381	2.1119354120817655
382	1.440060389555399
383	2.1119354120817655
384	1.3919403546808125
385	1.5237576259723753
386	1.5357964118392864
387	1.534219781463096
388	1.534219781463096
389	0.770482478196154
390	1.3919052335731081
391	1.5177382330389197
392	1.5447178289638284
393	1.534219781463096
394	1.534219781463096
395	1.5409646810700552
396	1.5365111834478713
397	1.5177426231773827
398	1.534219781463096
399	1.538716930176954
400	0.7710444159194293
401	0.3852411702675138
402	1.5365111834478713
403	1.5357268253914238
404	1.5177382330389197
405	1.5357246303221919
406	6.1454826609100115
407	1.3919052260643194
408	1.440060389555399
409	1.5357964168451455
410	1.5409646810700552
411	0.3852411702675138
412	0.770482478196154
413	1.5237576259723753
414	1.534219781463096
415	1.5387163820353786
416	1.5420888318388586
417	1.5357964118392864
418	1.523766408752231
419	1.5237576259723753
420	1.5387163820353786
421	1.5409646810700552
422	1.5409646810700552
423	1.5363706639760382
424	1.4400603720348921
425	1.3919052260643194
426	1.5357246303221919
427	1.5387163820353786
428	1.5409646810700552
429	0.770482478196154
430	1.5409646810700552
431	0.3852411702675138
432	1.440060389555399
433	1.5177426231773827
434	1.5387163820353786
435	1.5387163820353786
436	0.3852411702675138
437	2.1119354120817655
438	1.3919052260643194
439	0.7704823405350276
440	1.3919052260643194
441	1.4401306317708087
442	1.5177382330389197
443	1.5409646810700552
444	0.770482478196154
445	2.1119354120817655
446	1.3919403546808125
447	1.5177382330389197
448	1.5177382330389197
449	1.3919403546808125
450	1.5357246303221919
451	1.5177382330389197
452	1.4401306317708087
453	1.5177426231773827
454	1.534219781463096
455	1.5387163820353786
456	1.5365111834478713
457	1.5177382330389197
458	0.3852411702675138
459	1.5363706990170525
460	1.5177382330389197
461	1.534219781463096
462	1.5409646810700552
463	1.5363706639760382
464	1.5363706990170525
465	1.4400603720348921
466	1.5177382330389197
467	1.5387163820353786
468	1.5420888318388586
469	1.540964956392308
470	1.3919052335731081
471	1.6077420059782341
472	1.534219781463096
473	0.3855222067082498
474	3.0727413304550057
475	1.3919052335731081
476	1.5237576259723753
477	1.5177426231773827
478	1.5357268253914238
479	1.5387163820353786
480	1.5177382330389197
481	1.534219781463096
482	1.5177382330389197
483	1.534219781463096
484	1.5409646810700552
485	1.4400603720348921
486	0.3855222067082498
487	1.5177382330389197
488	1.523766408752231
489	1.5597304230418492
490	0.7704823405350276
491	0.3852411702675138
492	1.5365111834478713
493	1.4401306317708087
494	1.6077420059782341
495	1.3919052260643194
496	1.5357246303221919
497	0.3852411702675138
498	0.3855222067082498
499	1.5363706990170525
0	1.6077420059782341
1	1.5387163820353786
2	1.5447178289638284
3	1.7278427460877557
4	1.5357964118392864
5	1.5409646810700552
6	1.4401306317708087
7	0.770482478196154
8	0.3852412378466122
9	0.3852411702675138
10	1.5420888318388586
11	1.4401306317708087
12	1.5387163820353786
13	1.5387163820353786
14	1.5409646810700552
15	1.7278427460877557
16	1.5365111834478713
17	1.5357268253914238
18	1.5409646810700552
19	1.5357268253914238
20	1.5409646810700552
21	0.3852411702675138
22	1.440060389555399
23	1.7278427460877557
24	1.4401306317708087
25	1.5237576284753047
26	1.5409646810700552
27	1.4400603720348921
28	1.5177382330389197
29	1.5447178289638284
30	1.5357246303221919
31	1.5387163820353786
32	1.5387163820353786
33	1.4400603720348921
34	1.5357964118392864
35	1.5177382330389197
36	1.5358139773989976
37	1.5357964118392864
38	1.5237576259723753
39	1.5177382330389197
40	1.5387163820353786
41	0.3852411702675138
42	1.5409646810700552
43	0.3852411702675138
44	1.3919052260643194
45	1.5342208802491764
46	1.5420888318388586
47	0.3852411702675138
48	1.5358139773989976
49	1.5237576259723753
50	1.5409646810700552
51	1.5365111834478713
52	0.3852412378466122
53	1.4400603720348921
54	1.534219781463096
55	1.5420888318388586
56	1.5387163820353786
57	0.7704823405350276
58	1.5357964118392864
59	1.3919052335731081
60	1.534219781463096
61	0.3852412378466122
62	0.3855222067082498
63	0.7704823405350276
64	1.4400603720348921
65	1.5177382330389197
66	1.523766408752231
67	1.538716930176954
68	1.5237576259723753
69	1.5342208802491764
70	1.534219781463096
71	0.3852412378466122
72	0.3852412378466122
73	1.3919052335731081
74	1.5342208802491764
75	1.5342208802491764
76	0.7704823405350276
77	1.440060389555399
78	1.5177382330389197
79	1.5447178289638284
80	1.540964956392308
81	1.5409646810700552
82	1.5409646810700552
83	0.770482478196154
84	1.440060389555399
85	1.5363706639760382
86	0.3852412378466122
87	1.3919403546808125
88	1.4400603720348921
89	1.4401306317708087
90	1.5177382330389197
91	1.5447178289638284
92	1.538716930176954
93	1.540964956392308
94	1.5363706990170525
95	1.5365111834478713
96	1.4400603720348921
97	1.5357246303221919
98	1.5357246303221919
99	1.5409646810700552
100	1.5597304230418492
101	1.5447178289638284
102	1.5387163820353786
103	1.5409646810700552
104	1.5237576284753047
105	1.5358139773989976
106	1.5177426231773827
107	1.5342208802491764
108	3.0727413304550057
109	1.4400603720348921
110	1.5357246303221919
111	1.5357268253914238
112	1.5387163820353786
113	0.7704823405350276
114	1.5409646810700552
115	0.3852411702675138
116	0.3852411702675138
117	1.5363706639760382
118	1.5363706639760382
119	1.5365111834478713
120	1.5237576284753047
121	1.5237576259723753
122	1.5357964118392864
123	1.5357246303221919
124	1.538716930176954
125	0.7704823405350276
126	0.3852412378466122
127	1.5237576259723753
128	1.5357268253914238
129	1.5365111834478713
130	1.523766408752231
131	1.5357246303221919
132	1.5177382330389197
133	1.3919052335731081
134	1.4401306317708087
135	1.3919052335731081
136	1.5237576259723753
137	1.534219781463096
138	1.5342208802491764
139	1.5597304230418492
140	1.5357246303221919
141	1.5177426231773827
142	0.3852411702675138
143	1.5237576259723753
144	1.5237576284753047
145	1.5387163820353786
146	0.770482478196154
147	2.1119354120817655
148	1.3919052335731081
149	1.5237576259723753
150	1.5420888318388586
151	0.770482478196154
152	0.7704823405350276
153	1.4400603720348921
154	0.7704823405350276
155	1.5363706990170525
156	1.5357246303221919
157	1.534219781463096
158	1.5357268253914238
159	1.5357246303221919
160	0.770482478196154
161	1.440060389555399
162	1.5237576259723753
163	1.534219781463096
164	1.5177382330389197
165	1.5357246303221919
166	1.5363706639760382
167	1.5177426231773827
168	1.5357964118392864
169	1.534219781463096
170	1.534219781463096
171	1.5387163820353786
172	1.5409646810700552
173	1.3919052260643194
174	1.5237576259723753
175	1.5237576284753047
176	1.5409646810700552
177	0.3852412378466122
178	1.5363706639760382
179	1.5237576259723753
180	1.5357964118392864
181	1.440060389555399
182	1.5237576259723753
183	1.5409646810700552
184	1.540964956392308
185	1.4401306317708087
186	1.534219781463096
187	1.5357246303221919
188	1.5387163820353786
189	1.440060389555399
190	1.5357964118392864
191	1.5357246303221919
192	1.5357246303221919
193	0.3852411702675138
194	0.3852412378466122
195	1.5357964118392864
196	1.534219781463096
197	0.770482478196154
198	1.5363706639760382
199	1.5237576259723753
200	1.534219781463096
201	0.3852411702675138
202	6.1454826609100115
203	1.4400603720348921
204	1.5177382330389197
205	1.534219781463096
206	1.4400603720348921
207	1.3919052335731081
208	1.3919403546808125
209	1.5177382330389197
210	1.5357246303221919
211	1.5177426231773827
212	1.5387163820353786
213	1.3919052260643194
214	1.3919052335731081
215	1.4401306317708087
216	1.523766408752231
217	1.5237576259723753
218	1.5237576259723753
219	1.5237576259723753
220	1.5357964118392864
221	1.5357964118392864
222	1.534219781463096
223	0.3852411702675138
224	1.4400603720348921
225	1.5358139773989976
226	1.5597304230418492
227	1.5387163820353786
228	0.7710444159194293
229	1.3919052260643194
230	1.7278427460877557
231	1.4401306317708087
232	1.6077420059782341
233	1.538716930176954
234	0.3852411702675138
235	0.770482478196154
236	1.523766408752231
237	1.534219781463096
238	1.5409646810700552
239	0.7704823405350276
240	0.3852411702675138
241	1.5420888318388586
242	1.440060389555399
243	1.5342208802491764
244	0.7704823405350276
245	1.5357964118392864
246	1.5357964118392864
247	1.5597304230418492
248	1.5177382330389197
249	1.5342208802491764
250	0.7704823405350276
251	1.440060389555399
252	1.6077420059782341
253	1.534219781463096
254	1.5387163820353786
255	1.5409646810700552
256	0.3852412378466122
257	1.5357268253914238
258	1.5409646810700552
259	1.5363706990170525
260	1.3919052260643194
261	1.5237576284753047
262	1.534219781463096
263	0.3852412378466122
264	0.3852411702675138
265	1.534219781463096
266	1.5420888318388586
267	1.6077420059782341
268	1.5177382330389197
269	1.5409646810700552
270	2.1119354120817655
271	1.3919052260643194
272	1.5358139773989976
273	1.5357964168451455
274	1.5447178289638284
275	0.7704823405350276
276	1.5387163820353786
277	0.7710444159194293
278	1.5177382330389197
279	1.5409646810700552
280	0.3852411702675138
281	1.5409646810700552
282	0.7710444159194293
283	1.3919052335731081
284	1.3919052335731081
285	1.5177382330389197
286	1.5387163820353786
287	1.3919052260643194
288	1.534219781463096
289	3.0727413304550057
290	1.5363706639760382
291	3.0727413304550057
292	1.5357246303221919
293	1.540964956392308
294	1.5363706990170525
295	1.5177382330389197
296	1.5357268253914238
297	1.538716930176954
298	1.5365111834478713
299	1.440060389555399
300	1.3919403546808125
301	1.5358139773989976
302	1.5177382330389197
303	1.5237576284753047
304	1.5358139773989976
305	1.5177382330389197
306	1.5387163820353786
307	1.5363706639760382
308	1.5363706639760382
309	1.5357246303221919
310	1.5177382330389197
311	1.523766408752231
312	0.3855222067082498
313	1.5357964118392864
314	1.3919052335731081
315	1.5357246303221919
316	1.523766408752231
317	1.523766408752231
318	1.5387163820353786
319	1.540964956392308
320	0.3852412378466122
321	1.5357964168451455
322	1.5357268253914238
323	1.5387163820353786
324	1.5357268253914238
325	1.5387163820353786
326	1.5357246303221919
327	1.5357246303221919
328	0.7704823405350276
329	1.5363706639760382
330	3.0727413304550057
331	1.5177426231773827
332	1.5357246303221919
333	0.7704823405350276
334	1.4401306317708087
335	1.5177382330389197
336	1.5177382330389197
337	1.534219781463096
338	1.5409646810700552
339	1.5363706639760382
340	1.4400603720348921
341	1.5597304230418492
342	1.5357246303221919
343	1.5177426231773827
344	1.540964956392308
345	1.5357964118392864
346	1.5357964118392864
347	1.5357268253914238
348	0.7710444159194293
349	1.3919052260643194
350	1.3919052335731081
351	1.3919052335731081
352	1.5357964118392864
353	1.5357268253914238
354	0.7704823405350276
355	1.4400603720348921
356	1.5357964118392864
357	1.5237576259723753
358	1.5357268253914238
359	1.5357246303221919
360	1.5409646810700552
361	1.4400603720348921
362	0.3855222067082498
363	1.5363706990170525
364	1.523766408752231
365	0.7704823405350276
366	1.5420888318388586
367	1.5363706639760382
368	1.5357964118392864
369	1.5177382330389197
370	1.5597304230418492
371	1.538716930176954
372	0.3852411702675138
373	0.3852411702675138
374	1.4400603720348921
375	1.5357964118392864
376	1.5237576284753047
377	1.5357268253914238
378	1.5409646810700552
379	0.7710444159194293
380	1.5387163820353786
381	2.1119354120817655
382	1.440060389555399
383	2.1119354120817655
384	1.3919403546808125
385	1.5237576259723753
386	1.5357964118392864
387	1.534219781463096
388	1.534219781463096
389	0.770482478196154
390	1.3919052335731081
391	1.5177382330389197
392	1.5447178289638284
393	1.534219781463096
394	1.534219781463096
395	1.5409646810700552
396	1.5365111834478713
397	1.5177426231773827
398	1.534219781463096
399	1.538716930176954
400	0.7710444159194293
401	0.3852411702675138
402	1.5365111834478713
403	1.5357268253914238
404	1.5177382330389197
405	1.5357246303221919
406	6.1454826609100115
407	1.3919052260643194
408	1.440060389555399
409	1.5357964168451455
410	1.5409646810700552
411	0.3852411702675138
412	0.770482478196154
413	1.5237576259723753
414	1.534219781463096
415	1.5387163820353786
416	1.5420888318388586
417	1.5357964118392864
418	1.523766408752231
419	1.5237576259723753
420	1.5387163820353786
421	1.5409646810700552
422	1.5409646810700552
423	1.5363706639760382
424	1.4400603720348921
425	1.3919052260643194
426	1.5357246303221919
427	1.5387163820353786
428	1.5409646810700552
429	0.770482478196154
430	1.5409646810700552
431	0.3852411702675138
432	1.440060389555399
433	1.5177426231773827
434	1.5387163820353786
435	1.5387163820353786
436	0.3852411702675138
437	2.1119354120817655
438	1.3919052260643194
439	0.7704823405350276
440	1.3919052260643194
441	1.4401306317708087
442	1.5177382330389197
443	1.5409646810700552
444	0.770482478196154
445	2.1119354120817655
446	1.3919403546808125
447	1.5177382330389197
448	1.5177382330389197
449	1.3919403546808125
450	1.5357246303221919
451	1.5177382330389197
452	1.4401306317708087
453	1.5177426231773827
454	1.534219781463096
455	1.5387163820353786
456	1.5365111834478713
457	1.5177382330389197
458	0.3852411702675138
459	1.5363706990170525
460	1.5177382330389197
461	1.534219781463096
462	1.5409646810700552
463	1.5363706639760382
464	1.5363706990170525
465	1.4400603720348921
466	1.5177382330389197
467	1.5387163820353786
468	1.5420888318388586
469	1.540964956392308
470	1.3919052335731081
471	1.6077420059782341
472	1.534219781463096
473	0.3855222067082498
474	3.0727413304550057
475	1.3919052335731081
476	1.5237576259723753
477	1.5177426231773827
478	1.5357268253914238
479	1.5387163820353786
480	1.5177382330389197
481	1.534219781463096
482	1.5177382330389197
483	1.534219781463096
484	1.5409646810700552
485	1.4400603720348921
486	0.3855222067082498
487	1.5177382330389197
488	1.523766408752231
489	1.5597304230418492
490	0.7704823405350276
491	0.3852411702675138
492	1.5365111834478713
493	1.4401306317708087
494	1.6077420059782341
495	1.3919052260643194
496	1.5357246303221919
497	0.3852411702675138
498	0.3855222067082498
499	1.5363706990170525
