0	3.543423081389538
1	3.489230817109001
2	3.543423081389538
3	3.3079917758817703
4	3.5313644170439384
5	3.5313644053642004
6	3.489230817109001
7	1.7470346526443221
8	3.5032753465274
9	3.489230817109001
10	3.3079917758817703
11	3.5381773195190376
12	0.8468734330567971
13	3.546045965244722
14	3.489230817109001
15	3.3079917758817703
16	3.543423081389538
17	3.546045965244722
18	3.5032753465274
19	3.3079917758817703
20	3.531196923752737
21	7.117385182307754
22	3.699228843618883
23	0.8475289934241876
24	3.5032958386287505
25	0.8475289934241876
26	3.5381773195190376
27	3.5032753523672695
28	0.8468732461809797
29	3.489241060239741
30	3.195717497260236
31	3.5434237237751605
32	3.587207565654742
33	3.3079917758817703
34	3.543423081389538
35	3.3079918167608553
36	3.531196923752737
37	3.3079918167608553
38	1.7457232107167302
39	3.5381773195190376
40	3.3079917758817703
41	3.543423081389538
42	3.699228843618883
43	1.7457231581579065
44	3.1956355288548344
45	3.531196923752737
46	3.5327042582559036
47	3.489230817109001
48	1.7457232107167302
49	3.5032753465274
50	8.016015672875724
51	3.489241060239741
52	3.5327042582559036
53	3.5381773195190376
54	3.533032120197769
55	3.489230817109001
56	0.8468734330567971
57	3.5381771034438745
58	3.5032753523672695
59	3.5381773195190376
60	3.489230817109001
61	4.875619752613628
62	3.5434229762718905
63	3.587207565654742
64	0.8468732461809797
65	3.546045965244722
66	3.489230817109001
67	1.7470346526443221
68	3.5032753465274
69	1.7457232107167302
70	3.5032753465274
71	3.5276857899381695
72	3.5313644053642004
73	3.5434237237751605
74	3.5032753465274
75	3.3081557068527037
76	0.8468732753803262
77	3.489230817109001
78	1.7457232107167302
79	3.195717497260236
80	3.5381773195190376
81	3.5314053895669
82	3.5381773195190376
83	3.3079917758817703
84	1.7470346526443221
85	3.5032753465274
86	3.195635534694704
87	3.5276857899381695
88	3.3079917758817703
89	3.531196923752737
90	3.5313644053642004
91	3.531196923752737
92	3.5032753465274
93	3.3079917758817703
94	3.5381773195190376
95	3.195635534694704
96	3.5434229762718905
97	3.531196923752737
98	0.8468734330567971
99	3.531196923752737
100	0.8468732753803262
101	3.5032753465274
102	1.7470346526443221
103	3.489230817109001
104	0.8475289934241876
105	3.531202045318107
106	3.5313644053642004
107	1.7455037659482948
108	3.543423081389538
109	1.7457235319095417
110	3.543423081389538
111	3.3081557068527037
112	7.117385182307754
113	3.543423081389538
114	3.195635534694704
115	1.7457235319095417
116	3.5032753465274
117	3.531202045318107
118	3.533032120197769
119	3.5311960652919505
120	3.699228843618883
121	3.543423081389538
122	3.5314053895669
123	3.5381773195190376
124	4.875619752613628
125	3.531196923752737
126	3.5327042582559036
127	3.531196923752737
128	3.543423081389538
129	3.531196923752737
130	3.195635534694704
131	3.5381773195190376
132	3.5314053895669
133	3.489230817109001
134	3.5381773195190376
135	3.489230817109001
136	3.3081557068527037
137	3.5327042582559036
138	3.531196923752737
139	3.307991770041901
140	3.5381773195190376
141	3.5327042582559036
142	3.5381773195190376
143	3.5313644053642004
144	3.5327042582559036
145	3.5032753465274
146	3.543423081389538
147	3.5313644053642004
148	3.546045965244722
149	3.5327042582559036
150	1.7457231581579065
151	3.587207565654742
152	0.8475289934241876
153	3.531196923752737
154	0.8468732753803262
155	3.5314053895669
156	3.543423081389538
157	3.5314053895669
158	3.543423081389538
159	3.489230817109001
160	3.307991770041901
161	3.5381773195190376
162	3.307991770041901
163	3.5276857899381695
164	0.8468734330567971
165	3.4892291001874285
166	3.3079917758817703
167	3.531196923752737
168	3.533032120197769
169	3.5276857899381695
170	3.5327042465761656
171	3.552179977074604
172	3.5327042582559036
173	3.543423081389538
174	3.5032958386287505
175	3.3079917758817703
176	3.543423081389538
177	3.531196923752737
178	3.5464847496639442
179	3.5313644170439384
180	4.875619752613628
181	1.7457232107167302
182	3.3079917758817703
183	3.531196923752737
184	3.5434229762718905
185	3.489230817109001
186	3.3079917758817703
187	3.543423081389538
188	3.5032958386287505
189	14.286747024571586
190	3.5313644053642004
191	1.7457235319095417
192	3.5032753465274
193	1.7457235319095417
194	3.531202045318107
195	1.7457231581579065
196	3.5381773195190376
197	7.117385182307754
198	1.7457232107167302
199	3.5032958386287505
200	3.543423081389538
201	3.5032753523672695
202	3.195635534694704
203	3.543423081389538
204	3.699228843618883
205	3.533032120197769
206	3.5032753465274
207	0.8475289934241876
208	3.489230817109001
209	3.3079917758817703
210	1.745723584468365
211	3.5032753465274
212	4.875619752613628
213	3.489241060239741
214	1.7470346526443221
215	3.527688353640789
216	3.587207565654742
217	3.3079917758817703
218	3.531196923752737
219	1.7455037659482948
220	3.5032753465274
221	3.5381773195190376
222	0.8468732753803262
223	3.5276857899381695
224	3.195635534694704
225	3.527688353640789
226	3.1956355288548344
227	3.5381773195190376
228	4.875619752613628
229	3.531202045318107
230	0.8468732753803262
231	3.5032753465274
232	14.286747024571586
233	3.489230817109001
234	7.117385182307754
235	3.5381771034438745
236	3.5032753465274
237	1.7457235319095417
238	3.489230817109001
239	3.5327042582559036
240	3.5381773195190376
241	3.3081557068527037
242	3.531196923752737
243	3.195635552214311
244	3.543423081389538
245	0.8468732461809797
246	3.979449523060633
247	0.8468732753803262
248	3.5381773195190376
249	3.3079918167608553
250	3.533032120197769
251	3.5381773195190376
252	1.7457232107167302
253	3.5032753465274
254	1.7470346526443221
255	3.489230817109001
256	0.8468732753803262
257	3.532704340014074
258	0.8468732753803262
259	3.699228843618883
260	1.7457232107167302
261	3.195635534694704
262	3.531196923752737
263	3.543423081389538
264	3.5313644053642004
265	3.587207565654742
266	3.3079917758817703
267	3.489230817109001
268	1.7457235319095417
269	3.531202045318107
270	3.5313644053642004
271	3.5434229762718905
272	3.5313644053642004
273	3.543423081389538
274	3.531196923752737
275	3.543423081389538
276	3.5032753465274
277	4.875619752613628
278	3.489230817109001
279	3.5327042582559036
280	3.5276857899381695
281	3.979449523060633
282	3.527688353640789
283	3.195635534694704
284	3.5381773195190376
285	3.5032958386287505
286	0.8468734330567971
287	3.531196923752737
288	1.7457235319095417
289	3.5032958386287505
290	0.8468734330567971
291	3.5314053895669
292	3.543423081389538
293	3.3079917758817703
294	3.531196923752737
295	4.875619752613628
296	3.5381773195190376
297	3.195635552214311
298	3.489230817109001
299	4.875619752613628
300	3.543423081389538
301	3.3079917758817703
302	3.5381773195190376
303	3.5313644053642004
304	3.543423081389538
305	3.5313644170439384
306	1.7457235319095417
307	3.5381773195190376
308	3.195635534694704
309	3.5381771034438745
310	3.3079643460157
311	3.489230817109001
312	1.7457232107167302
313	3.5032958386287505
314	1.7457232107167302
315	3.5313644053642004
316	3.195635534694704
317	3.531202045318107
318	0.8468732753803262
319	3.195635552214311
320	14.286747024571586
321	3.531196923752737
322	3.195635552214311
323	1.7470346526443221
324	3.531196923752737
325	0.8475289934241876
326	3.531196923752737
327	3.195717497260236
328	7.117385182307754
329	3.531196923752737
330	0.8468732461809797
331	3.531196923752737
332	0.8468732753803262
333	3.5276857899381695
334	3.979449523060633
335	3.531202045318107
336	3.307991770041901
337	0.8468732753803262
338	3.5276857899381695
339	3.3081557068527037
340	3.5276857899381695
341	3.3079918167608553
342	3.5381773195190376
343	3.3079918167608553
344	3.5381773195190376
345	0.8468732753803262
346	3.5313644053642004
347	3.5327042582559036
348	3.531202045318107
349	3.5313644053642004
350	0.8475289934241876
351	3.552179977074604
352	3.5327042582559036
353	3.5276857899381695
354	3.3081557068527037
355	3.531196923752737
356	0.8475289934241876
357	3.489230817109001
358	0.8468732753803262
359	3.5381773195190376
360	3.5314053895669
361	3.543423081389538
362	3.4892291001874285
363	0.8475289934241876
364	3.527685363627711
365	3.489230817109001
366	3.532649398523763
367	1.7457232107167302
368	3.5032753465274
369	1.7457232107167302
370	3.5313644053642004
371	3.543423081389538
372	3.195621816841733
373	1.7457232107167302
374	3.531202045318107
375	3.503271918524125
376	0.8468732753803262
377	3.5313644053642004
378	3.543423081389538
379	3.489230817109001
380	0.8475289934241876
381	3.4892291001874285
382	3.543423081389538
383	3.531357549357649
384	3.543423081389538
385	3.5313644170439384
386	3.5327042582559036
387	3.5313644170439384
388	0.8468732753803262
389	3.489230817109001
390	3.3079643460157
391	3.5381773195190376
392	3.546045965244722
393	3.5032753523672695
394	3.307991770041901
395	3.4892291001874285
396	1.7457232107167302
397	3.5032753523672695
398	3.5327042465761656
399	3.587207565654742
400	3.195635552214311
401	3.543423081389538
402	3.195635534694704
403	7.117385182307754
404	3.538178598450414
405	3.531196923752737
406	3.5313644053642004
407	3.3079917758817703
408	3.489230817109001
409	3.3079643460157
410	3.543423081389538
411	3.489230817109001
412	3.195635534694704
413	3.543423081389538
414	3.195717497260236
415	3.5381773195190376
416	3.3079917758817703
417	3.543423081389538
418	3.489230817109001
419	3.5327042582559036
420	3.489241060239741
421	3.5313644053642004
422	3.543423081389538
423	3.5313644053642004
424	1.7457232107167302
425	3.587207565654742
426	1.7457231581579065
427	3.5032753465274
428	3.531196923752737
429	3.3079917758817703
430	14.286747024571586
431	3.531196923752737
432	0.8475289934241876
433	1.7457232107167302
434	3.489230817109001
435	3.307991770041901
436	3.489241060239741
437	3.5327042582559036
438	3.531202045318107
439	3.5313644053642004
440	7.117385182307754
441	7.117385182307754
442	3.5381773195190376
443	3.3081557068527037
444	3.5381773195190376
445	3.5313644170439384
446	3.5434237237751605
447	3.531196923752737
448	14.286747024571586
449	3.5276857899381695
450	3.3081557068527037
451	3.5276857899381695
452	3.5032753465274
453	1.7457235319095417
454	3.5313644170439384
455	0.8468732753803262
456	3.531196923752737
457	3.5381773195190376
458	3.489241060239741
459	3.5032958386287505
460	3.5381773195190376
461	3.489241060239741
462	3.5313644053642004
463	3.5276857899381695
464	3.3079917758817703
465	3.5311960652919505
466	3.195635534694704
467	3.531196923752737
468	1.7457232107167302
469	3.5032753465274
470	3.3081557068527037
471	3.5381773195190376
472	3.3079917758817703
473	3.489230817109001
474	0.8468734330567971
475	3.5313644053642004
476	1.7457235319095417
477	3.5032753465274
478	0.8467635500761741
479	3.5276857899381695
480	3.531196923752737
481	3.3079917758817703
482	3.543423081389538
483	3.3079643460157
484	3.5327042582559036
485	3.538178598450414
486	3.195635534694704
487	3.531196923752737
488	3.5429841918526677
489	3.531196923752737
490	3.5313644053642004
491	3.543423081389538
492	3.5313644053642004
493	1.7470346526443221
494	3.195635534694704
495	1.7457232107167302
496	3.5314053895669
497	3.5381773195190376
498	0.8467635500761741
499	3.5381773195190376
0	3.543423081389538
1	3.489230817109001
2	3.543423081389538
3	3.3079917758817703
4	3.5313644170439384
5	3.5313644053642004
6	3.489230817109001
7	1.7470346526443221
8	3.5032753465274
9	3.489230817109001
10	3.3079917758817703
11	3.5381773195190376
12	0.8468734330567971
13	3.546045965244722
14	3.489230817109001
15	3.3079917758817703
16	3.543423081389538
17	3.546045965244722
18	3.5032753465274
19	3.3079917758817703
20	3.531196923752737
21	7.117385182307754
22	3.699228843618883
23	0.8475289934241876
24	3.5032958386287505
25	0.8475289934241876
26	3.5381773195190376
27	3.5032753523672695
28	0.8468732461809797
29	3.489241060239741
30	3.195717497260236
31	3.5434237237751605
32	3.587207565654742
33	3.3079917758817703
34	3.543423081389538
35	3.3079918167608553
36	3.531196923752737
37	3.3079918167608553
38	1.7457232107167302
39	3.5381773195190376
40	3.3079917758817703
41	3.543423081389538
42	3.699228843618883
43	1.7457231581579065
44	3.1956355288548344
45	3.531196923752737
46	3.5327042582559036
47	3.489230817109001
48	1.7457232107167302
49	3.5032753465274
50	8.016015672875724
51	3.489241060239741
52	3.5327042582559036
53	3.5381773195190376
54	3.533032120197769
55	3.489230817109001
56	0.8468734330567971
57	3.5381771034438745
58	3.5032753523672695
59	3.5381773195190376
60	3.489230817109001
61	4.875619752613628
62	3.5434229762718905
63	3.587207565654742
64	0.8468732461809797
65	3.546045965244722
66	3.489230817109001
67	1.7470346526443221
68	3.5032753465274
69	1.7457232107167302
70	3.5032753465274
71	3.5276857899381695
72	3.5313644053642004
73	3.5434237237751605
74	3.5032753465274
75	3.3081557068527037
76	0.8468732753803262
77	3.489230817109001
78	1.7457232107167302
79	3.195717497260236
80	3.5381773195190376
81	3.5314053895669
82	3.5381773195190376
83	3.3079917758817703
84	1.7470346526443221
85	3.5032753465274
86	3.195635534694704
87	3.5276857899381695
88	3.3079917758817703
89	3.531196923752737
90	3.5313644053642004
91	3.531196923752737
92	3.5032753465274
93	3.3079917758817703
94	3.5381773195190376
95	3.195635534694704
96	3.5434229762718905
97	3.531196923752737
98	0.8468734330567971
99	3.531196923752737
100	0.8468732753803262
101	3.5032753465274
102	1.7470346526443221
103	3.489230817109001
104	0.8475289934241876
105	3.531202045318107
106	3.5313644053642004
107	1.7455037659482948
108	3.543423081389538
109	1.7457235319095417
110	3.543423081389538
111	3.3081557068527037
112	7.117385182307754
113	3.543423081389538
114	3.195635534694704
115	1.7457235319095417
116	3.5032753465274
117	3.531202045318107
118	3.533032120197769
119	3.5311960652919505
120	3.699228843618883
121	3.543423081389538
122	3.5314053895669
123	3.5381773195190376
124	4.875619752613628
125	3.531196923752737
126	3.5327042582559036
127	3.531196923752737
128	3.543423081389538
129	3.531196923752737
130	3.195635534694704
131	3.5381773195190376
132	3.5314053895669
133	3.489230817109001
134	3.5381773195190376
135	3.489230817109001
136	3.3081557068527037
137	3.5327042582559036
138	3.531196923752737
139	3.307991770041901
140	3.5381773195190376
141	3.5327042582559036
142	3.5381773195190376
143	3.5313644053642004
144	3.5327042582559036
145	3.5032753465274
146	3.543423081389538
147	3.5313644053642004
148	3.546045965244722
149	3.5327042582559036
150	1.7457231581579065
151	3.587207565654742
152	0.8475289934241876
153	3.531196923752737
154	0.8468732753803262
155	3.5314053895669
156	3.543423081389538
157	3.5314053895669
158	3.543423081389538
159	3.489230817109001
160	3.307991770041901
161	3.5381773195190376
162	3.307991770041901
163	3.5276857899381695
164	0.8468734330567971
165	3.4892291001874285
166	3.3079917758817703
167	3.531196923752737
168	3.533032120197769
169	3.5276857899381695
170	3.5327042465761656
171	3.552179977074604
172	3.5327042582559036
173	3.543423081389538
174	3.5032958386287505
175	3.3079917758817703
176	3.543423081389538
177	3.531196923752737
178	3.5464847496639442
179	3.5313644170439384
180	4.875619752613628
181	1.7457232107167302
182	3.3079917758817703
183	3.531196923752737
184	3.5434229762718905
185	3.489230817109001
186	3.3079917758817703
187	3.543423081389538
188	3.5032958386287505
189	14.286747024571586
190	3.5313644053642004
191	1.7457235319095417
192	3.5032753465274
193	1.7457235319095417
194	3.531202045318107
195	1.7457231581579065
196	3.5381773195190376
197	7.117385182307754
198	1.7457232107167302
199	3.5032958386287505
200	3.543423081389538
201	3.5032753523672695
202	3.195635534694704
203	3.543423081389538
204	3.699228843618883
205	3.533032120197769
206	3.5032753465274
207	0.8475289934241876
208	3.489230817109001
209	3.3079917758817703
210	1.745723584468365
211	3.5032753465274
212	4.875619752613628
213	3.489241060239741
214	1.7470346526443221
215	3.527688353640789
216	3.587207565654742
217	3.3079917758817703
218	3.531196923752737
219	1.7455037659482948
220	3.5032753465274
221	3.5381773195190376
222	0.8468732753803262
223	3.5276857899381695
224	3.195635534694704
225	3.527688353640789
226	3.1956355288548344
227	3.5381773195190376
228	4.875619752613628
229	3.531202045318107
230	0.8468732753803262
231	3.5032753465274
232	14.286747024571586
233	3.489230817109001
234	7.117385182307754
235	3.5381771034438745
236	3.5032753465274
237	1.7457235319095417
238	3.489230817109001
239	3.5327042582559036
240	3.5381773195190376
241	3.3081557068527037
242	3.531196923752737
243	3.195635552214311
244	3.543423081389538
245	0.8468732461809797
246	3.979449523060633
247	0.8468732753803262
248	3.5381773195190376
249	3.3079918167608553
250	3.533032120197769
251	3.5381773195190376
252	1.7457232107167302
253	3.5032753465274
254	1.7470346526443221
255	3.489230817109001
256	0.8468732753803262
257	3.532704340014074
258	0.8468732753803262
259	3.699228843618883
260	1.7457232107167302
261	3.195635534694704
262	3.531196923752737
263	3.543423081389538
264	3.5313644053642004
265	3.587207565654742
266	3.3079917758817703
267	3.489230817109001
268	1.7457235319095417
269	3.531202045318107
270	3.5313644053642004
271	3.5434229762718905
272	3.5313644053642004
273	3.543423081389538
274	3.531196923752737
275	3.543423081389538
276	3.5032753465274
277	4.875619752613628
278	3.489230817109001
279	3.5327042582559036
280	3.5276857899381695
281	3.979449523060633
282	3.527688353640789
283	3.195635534694704
284	3.5381773195190376
285	3.5032958386287505
286	0.8468734330567971
287	3.531196923752737
288	1.7457235319095417
289	3.5032958386287505
290	0.8468734330567971
291	3.5314053895669
292	3.543423081389538
293	3.3079917758817703
294	3.531196923752737
295	4.875619752613628
296	3.5381773195190376
297	3.195635552214311
298	3.489230817109001
299	4.875619752613628
300	3.543423081389538
301	3.3079917758817703
302	3.5381773195190376
303	3.5313644053642004
304	3.543423081389538
305	3.5313644170439384
306	1.7457235319095417
307	3.5381773195190376
308	3.195635534694704
309	3.5381771034438745
310	3.3079643460157
311	3.489230817109001
312	1.7457232107167302
313	3.5032958386287505
314	1.7457232107167302
315	3.5313644053642004
316	3.195635534694704
317	3.531202045318107
318	0.8468732753803262
319	3.195635552214311
320	14.286747024571586
321	3.531196923752737
322	3.195635552214311
323	1.7470346526443221
324	3.531196923752737
325	0.8475289934241876
326	3.531196923752737
327	3.195717497260236
328	7.117385182307754
329	3.531196923752737
330	0.8468732461809797
331	3.531196923752737
332	0.8468732753803262
333	3.5276857899381695
334	3.979449523060633
335	3.531202045318107
336	3.307991770041901
337	0.8468732753803262
338	3.5276857899381695
339	3.3081557068527037
340	3.5276857899381695
341	3.3079918167608553
342	3.5381773195190376
343	3.3079918167608553
344	3.5381773195190376
345	0.8468732753803262
346	3.5313644053642004
347	3.5327042582559036
348	3.531202045318107
349	3.5313644053642004
350	0.8475289934241876
351	3.552179977074604
352	3.5327042582559036
353	3.5276857899381695
354	3.3081557068527037
355	3.531196923752737
356	0.8475289934241876
357	3.489230817109001
358	0.8468732753803262
359	3.5381773195190376
360	3.5314053895669
361	3.543423081389538
362	3.4892291001874285
363	0.8475289934241876
364	3.527685363627711
365	3.489230817109001
366	3.532649398523763
367	1.7457232107167302
368	3.5032753465274
369	1.7457232107167302
370	3.5313644053642004
371	3.543423081389538
372	3.195621816841733
373	1.7457232107167302
374	3.531202045318107
375	3.503271918524125
376	0.8468732753803262
377	3.5313644053642004
378	3.543423081389538
379	3.489230817109001
380	0.8475289934241876
381	3.4892291001874285
382	3.543423081389538
383	3.531357549357649
384	3.543423081389538
385	3.5313644170439384
386	3.5327042582559036
387	3.5313644170439384
388	0.8468732753803262
389	3.489230817109001
390	3.3079643460157
391	3.5381773195190376
392	3.546045965244722
393	3.5032753523672695
394	3.307991770041901
395	3.4892291001874285
396	1.7457232107167302
397	3.5032753523672695
398	3.5327042465761656
399	3.587207565654742
400	3.195635552214311
401	3.543423081389538
402	3.195635534694704
403	7.117385182307754
404	3.538178598450414
405	3.531196923752737
406	3.5313644053642004
407	3.3079917758817703
408	3.489230817109001
409	3.3079643460157
410	3.543423081389538
411	3.489230817109001
412	3.195635534694704
413	3.543423081389538
414	3.195717497260236
415	3.5381773195190376
416	3.3079917758817703
417	3.543423081389538
418	3.489230817109001
419	3.5327042582559036
420	3.489241060239741
421	3.5313644053642004
422	3.543423081389538
423	3.5313644053642004
424	1.7457232107167302
425	3.587207565654742
426	1.7457231581579065
427	3.5032753465274
428	3.531196923752737
429	3.3079917758817703
430	14.286747024571586
431	3.531196923752737
432	0.8475289934241876
433	1.7457232107167302
434	3.489230817109001
435	3.307991770041901
436	3.489241060239741
437	3.5327042582559036
438	3.531202045318107
439	3.5313644053642004
440	7.117385182307754
441	7.117385182307754
442	3.5381773195190376
443	3.3081557068527037
444	3.5381773195190376
445	3.5313644170439384
446	3.5434237237751605
447	3.531196923752737
448	14.286747024571586
449	3.5276857899381695
450	3.3081557068527037
451	3.5276857899381695
452	3.5032753465274
453	1.7457235319095417
454	3.5313644170439384
455	0.8468732753803262
456	3.531196923752737
457	3.5381773195190376
458	3.489241060239741
459	3.5032958386287505
460	3.5381773195190376
461	3.489241060239741
462	3.5313644053642004
463	3.5276857899381695
464	3.3079917758817703
465	3.5311960652919505
466	3.195635534694704
467	3.531196923752737
468	1.7457232107167302
469	3.5032753465274
470	3.3081557068527037
471	3.5381773195190376
472	3.3079917758817703
473	3.489230817109001
474	0.8468734330567971
475	3.5313644053642004
476	1.7457235319095417
477	3.5032753465274
478	0.8467635500761741
479	3.5276857899381695
480	3.531196923752737
481	3.3079917758817703
482	3.543423081389538
483	3.3079643460157
484	3.5327042582559036
485	3.538178598450414
486	3.195635534694704
487	3.531196923752737
488	3.5429841918526677
489	3.531196923752737
490	3.5313644053642004
491	3.543423081389538
492	3.5313644053642004
493	1.7470346526443221
494	3.195635534694704
495	1.7457232107167302
496	3.5314053895669
497	3.5381773195190376
498	0.8467635500761741
499	3.5381773195190376
0	3.543423081389538
1	3.489230817109001
2	3.543423081389538
3	3.3079917758817703
4	3.5313644170439384
5	3.5313644053642004
6	3.489230817109001
7	1.7470346526443221
8	3.5032753465274
9	3.489230817109001
10	3.3079917758817703
11	3.5381773195190376
12	0.8468734330567971
13	3.546045965244722
14	3.489230817109001
15	3.3079917758817703
16	3.543423081389538
17	3.546045965244722
18	3.5032753465274
19	3.3079917758817703
20	3.531196923752737
21	7.117385182307754
22	3.699228843618883
23	0.8475289934241876
24	3.5032958386287505
25	0.8475289934241876
26	3.5381773195190376
27	3.5032753523672695
28	0.8468732461809797
29	3.489241060239741
30	3.195717497260236
31	3.5434237237751605
32	3.587207565654742
33	3.3079917758817703
34	3.543423081389538
35	3.3079918167608553
36	3.531196923752737
37	3.3079918167608553
38	1.7457232107167302
39	3.5381773195190376
40	3.3079917758817703
41	3.543423081389538
42	3.699228843618883
43	1.7457231581579065
44	3.1956355288548344
45	3.531196923752737
46	3.5327042582559036
47	3.489230817109001
48	1.7457232107167302
49	3.5032753465274
50	8.016015672875724
51	3.489241060239741
52	3.5327042582559036
53	3.5381773195190376
54	3.533032120197769
55	3.489230817109001
56	0.8468734330567971
57	3.5381771034438745
58	3.5032753523672695
59	3.5381773195190376
60	3.489230817109001
61	4.875619752613628
62	3.5434229762718905
63	3.587207565654742
64	0.8468732461809797
65	3.546045965244722
66	3.489230817109001
67	1.7470346526443221
68	3.5032753465274
69	1.7457232107167302
70	3.5032753465274
71	3.5276857899381695
72	3.5313644053642004
73	3.5434237237751605
74	3.5032753465274
75	3.3081557068527037
76	0.8468732753803262
77	3.489230817109001
78	1.7457232107167302
79	3.195717497260236
80	3.5381773195190376
81	3.5314053895669
82	3.5381773195190376
83	3.3079917758817703
84	1.7470346526443221
85	3.5032753465274
86	3.195635534694704
87	3.5276857899381695
88	3.3079917758817703
89	3.531196923752737
90	3.5313644053642004
91	3.531196923752737
92	3.5032753465274
93	3.3079917758817703
94	3.5381773195190376
95	3.195635534694704
96	3.5434229762718905
97	3.531196923752737
98	0.8468734330567971
99	3.531196923752737
100	0.8468732753803262
101	3.5032753465274
102	1.7470346526443221
103	3.489230817109001
104	0.8475289934241876
105	3.531202045318107
106	3.5313644053642004
107	1.7455037659482948
108	3.543423081389538
109	1.7457235319095417
110	3.543423081389538
111	3.3081557068527037
112	7.117385182307754
113	3.543423081389538
114	3.195635534694704
115	1.7457235319095417
116	3.5032753465274
117	3.531202045318107
118	3.533032120197769
119	3.5311960652919505
120	3.699228843618883
121	3.543423081389538
122	3.5314053895669
123	3.5381773195190376
124	4.875619752613628
125	3.531196923752737
126	3.5327042582559036
127	3.531196923752737
128	3.543423081389538
129	3.531196923752737
130	3.195635534694704
131	3.5381773195190376
132	3.5314053895669
133	3.489230817109001
134	3.5381773195190376
135	3.489230817109001
136	3.3081557068527037
137	3.5327042582559036
138	3.531196923752737
139	3.307991770041901
140	3.5381773195190376
141	3.5327042582559036
142	3.5381773195190376
143	3.5313644053642004
144	3.5327042582559036
145	3.5032753465274
146	3.543423081389538
147	3.5313644053642004
148	3.546045965244722
149	3.5327042582559036
150	1.7457231581579065
151	3.587207565654742
152	0.8475289934241876
153	3.531196923752737
154	0.8468732753803262
155	3.5314053895669
156	3.543423081389538
157	3.5314053895669
158	3.543423081389538
159	3.489230817109001
160	3.307991770041901
161	3.5381773195190376
162	3.307991770041901
163	3.5276857899381695
164	0.8468734330567971
165	3.4892291001874285
166	3.3079917758817703
167	3.531196923752737
168	3.533032120197769
169	3.5276857899381695
170	3.5327042465761656
171	3.552179977074604
172	3.5327042582559036
173	3.543423081389538
174	3.5032958386287505
175	3.3079917758817703
176	3.543423081389538
177	3.531196923752737
178	3.5464847496639442
179	3.5313644170439384
180	4.875619752613628
181	1.7457232107167302
182	3.3079917758817703
183	3.531196923752737
184	3.5434229762718905
185	3.489230817109001
186	3.3079917758817703
187	3.543423081389538
188	3.5032958386287505
189	14.286747024571586
190	3.5313644053642004
191	1.7457235319095417
192	3.5032753465274
193	1.7457235319095417
194	3.531202045318107
195	1.7457231581579065
196	3.5381773195190376
197	7.117385182307754
198	1.7457232107167302
199	3.5032958386287505
200	3.543423081389538
201	3.5032753523672695
202	3.195635534694704
203	3.543423081389538
204	3.699228843618883
205	3.533032120197769
206	3.5032753465274
207	0.8475289934241876
208	3.489230817109001
209	3.3079917758817703
210	1.745723584468365
211	3.5032753465274
212	4.875619752613628
213	3.489241060239741
214	1.7470346526443221
215	3.527688353640789
216	3.587207565654742
217	3.3079917758817703
218	3.531196923752737
219	1.7455037659482948
220	3.5032753465274
221	3.5381773195190376
222	0.8468732753803262
223	3.5276857899381695
224	3.195635534694704
225	3.527688353640789
226	3.1956355288548344
227	3.5381773195190376
228	4.875619752613628
229	3.531202045318107
230	0.8468732753803262
231	3.5032753465274
232	14.286747024571586
233	3.489230817109001
234	7.117385182307754
235	3.5381771034438745
236	3.5032753465274
237	1.7457235319095417
238	3.489230817109001
239	3.5327042582559036
240	3.5381773195190376
241	3.3081557068527037
242	3.531196923752737
243	3.195635552214311
244	3.543423081389538
245	0.8468732461809797
246	3.979449523060633
247	0.8468732753803262
248	3.5381773195190376
249	3.3079918167608553
250	3.533032120197769
251	3.5381773195190376
252	1.7457232107167302
253	3.5032753465274
254	1.7470346526443221
255	3.489230817109001
256	0.8468732753803262
257	3.532704340014074
258	0.8468732753803262
259	3.699228843618883
260	1.7457232107167302
261	3.195635534694704
262	3.531196923752737
263	3.543423081389538
264	3.5313644053642004
265	3.587207565654742
266	3.3079917758817703
267	3.489230817109001
268	1.7457235319095417
269	3.531202045318107
270	3.5313644053642004
271	3.5434229762718905
272	3.5313644053642004
273	3.543423081389538
274	3.531196923752737
275	3.543423081389538
276	3.5032753465274
277	4.875619752613628
278	3.489230817109001
279	3.5327042582559036
280	3.5276857899381695
281	3.979449523060633
282	3.527688353640789
283	3.195635534694704
284	3.5381773195190376
285	3.5032958386287505
286	0.8468734330567971
287	3.531196923752737
288	1.7457235319095417
289	3.5032958386287505
290	0.8468734330567971
291	3.5314053895669
292	3.543423081389538
293	3.3079917758817703
294	3.531196923752737
295	4.875619752613628
296	3.5381773195190376
297	3.195635552214311
298	3.489230817109001
299	4.875619752613628
300	3.543423081389538
301	3.3079917758817703
302	3.5381773195190376
303	3.5313644053642004
304	3.543423081389538
305	3.5313644170439384
306	1.7457235319095417
307	3.5381773195190376
308	3.195635534694704
309	3.5381771034438745
310	3.3079643460157
311	3.489230817109001
312	1.7457232107167302
313	3.5032958386287505
314	1.7457232107167302
315	3.5313644053642004
316	3.195635534694704
317	3.531202045318107
318	0.8468732753803262
319	3.195635552214311
320	14.286747024571586
321	3.531196923752737
322	3.195635552214311
323	1.7470346526443221
324	3.531196923752737
325	0.8475289934241876
326	3.531196923752737
327	3.195717497260236
328	7.117385182307754
329	3.531196923752737
330	0.8468732461809797
331	3.531196923752737
332	0.8468732753803262
333	3.5276857899381695
334	3.979449523060633
335	3.531202045318107
336	3.307991770041901
337	0.8468732753803262
338	3.5276857899381695
339	3.3081557068527037
340	3.5276857899381695
341	3.3079918167608553
342	3.5381773195190376
343	3.3079918167608553
344	3.5381773195190376
345	0.8468732753803262
346	3.5313644053642004
347	3.5327042582559036
348	3.531202045318107
349	3.5313644053642004
350	0.8475289934241876
351	3.552179977074604
352	3.5327042582559036
353	3.5276857899381695
354	3.3081557068527037
355	3.531196923752737
356	0.8475289934241876
357	3.489230817109001
358	0.8468732753803262
359	3.5381773195190376
360	3.5314053895669
361	3.543423081389538
362	3.4892291001874285
363	0.8475289934241876
364	3.527685363627711
365	3.489230817109001
366	3.532649398523763
367	1.7457232107167302
368	3.5032753465274
369	1.7457232107167302
370	3.5313644053642004
371	3.543423081389538
372	3.195621816841733
373	1.7457232107167302
374	3.531202045318107
375	3.503271918524125
376	0.8468732753803262
377	3.5313644053642004
378	3.543423081389538
379	3.489230817109001
380	0.8475289934241876
381	3.4892291001874285
382	3.543423081389538
383	3.531357549357649
384	3.543423081389538
385	3.5313644170439384
386	3.5327042582559036
387	3.5313644170439384
388	0.8468732753803262
389	3.489230817109001
390	3.3079643460157
391	3.5381773195190376
392	3.546045965244722
393	3.5032753523672695
394	3.307991770041901
395	3.4892291001874285
396	1.7457232107167302
397	3.5032753523672695
398	3.5327042465761656
399	3.587207565654742
400	3.195635552214311
401	3.543423081389538
402	3.195635534694704
403	7.117385182307754
404	3.538178598450414
405	3.531196923752737
406	3.5313644053642004
407	3.3079917758817703
408	3.489230817109001
409	3.3079643460157
410	3.543423081389538
411	3.489230817109001
412	3.195635534694704
413	3.543423081389538
414	3.195717497260236
415	3.5381773195190376
416	3.3079917758817703
417	3.543423081389538
418	3.489230817109001
419	3.5327042582559036
420	3.489241060239741
421	3.5313644053642004
422	3.543423081389538
423	3.5313644053642004
424	1.7457232107167302
425	3.587207565654742
426	1.7457231581579065
427	3.5032753465274
428	3.531196923752737
429	3.3079917758817703
430	14.286747024571586
431	3.531196923752737
432	0.8475289934241876
433	1.7457232107167302
434	3.489230817109001
435	3.307991770041901
436	3.489241060239741
437	3.5327042582559036
438	3.531202045318107
439	3.5313644053642004
440	7.117385182307754
441	7.117385182307754
442	3.5381773195190376
443	3.3081557068527037
444	3.5381773195190376
445	3.5313644170439384
446	3.5434237237751605
447	3.531196923752737
448	14.286747024571586
449	3.5276857899381695
450	3.3081557068527037
451	3.5276857899381695
452	3.5032753465274
453	1.7457235319095417
454	3.5313644170439384
455	0.8468732753803262
456	3.531196923752737
457	3.5381773195190376
458	3.489241060239741
459	3.5032958386287505
460	3.5381773195190376
461	3.489241060239741
462	3.5313644053642004
463	3.5276857899381695
464	3.3079917758817703
465	3.5311960652919505
466	3.195635534694704
467	3.531196923752737
468	1.7457232107167302
469	3.5032753465274
470	3.3081557068527037
471	3.5381773195190376
472	3.3079917758817703
473	3.489230817109001
474	0.8468734330567971
475	3.5313644053642004
476	1.7457235319095417
477	3.5032753465274
478	0.8467635500761741
479	3.5276857899381695
480	3.531196923752737
481	3.3079917758817703
482	3.543423081389538
483	3.3079643460157
484	3.5327042582559036
485	3.538178598450414
486	3.195635534694704
487	3.531196923752737
488	3.5429841918526677
489	3.531196923752737
490	3.5313644053642004
491	3.543423081389538
492	3.5313644053642004
493	1.7470346526443221
494	3.195635534694704
495	1.7457232107167302
496	3.5314053895669
497	3.5381773195190376
498	0.8467635500761741
499	3.5381773195190376
0	3.543423081389538
1	3.489230817109001
2	3.543423081389538
3	3.3079917758817703
4	3.5313644170439384
5	3.5313644053642004
6	3.489230817109001
7	1.7470346526443221
8	3.5032753465274
9	3.489230817109001
10	3.3079917758817703
11	3.5381773195190376
12	0.8468734330567971
13	3.546045965244722
14	3.489230817109001
15	3.3079917758817703
16	3.543423081389538
17	3.546045965244722
18	3.5032753465274
19	3.3079917758817703
20	3.531196923752737
21	7.117385182307754
22	3.699228843618883
23	0.8475289934241876
24	3.5032958386287505
25	0.8475289934241876
26	3.5381773195190376
27	3.5032753523672695
28	0.8468732461809797
29	3.489241060239741
30	3.195717497260236
31	3.5434237237751605
32	3.587207565654742
33	3.3079917758817703
34	3.543423081389538
35	3.3079918167608553
36	3.531196923752737
37	3.3079918167608553
38	1.7457232107167302
39	3.5381773195190376
40	3.3079917758817703
41	3.543423081389538
42	3.699228843618883
43	1.7457231581579065
44	3.1956355288548344
45	3.531196923752737
46	3.5327042582559036
47	3.489230817109001
48	1.7457232107167302
49	3.5032753465274
50	8.016015672875724
51	3.489241060239741
52	3.5327042582559036
53	3.5381773195190376
54	3.533032120197769
55	3.489230817109001
56	0.8468734330567971
57	3.5381771034438745
58	3.5032753523672695
59	3.5381773195190376
60	3.489230817109001
61	4.875619752613628
62	3.5434229762718905
63	3.587207565654742
64	0.8468732461809797
65	3.546045965244722
66	3.489230817109001
67	1.7470346526443221
68	3.5032753465274
69	1.7457232107167302
70	3.5032753465274
71	3.5276857899381695
72	3.5313644053642004
73	3.5434237237751605
74	3.5032753465274
75	3.3081557068527037
76	0.8468732753803262
77	3.489230817109001
78	1.7457232107167302
79	3.195717497260236
80	3.5381773195190376
81	3.5314053895669
82	3.5381773195190376
83	3.3079917758817703
84	1.7470346526443221
85	3.5032753465274
86	3.195635534694704
87	3.5276857899381695
88	3.3079917758817703
89	3.531196923752737
90	3.5313644053642004
91	3.531196923752737
92	3.5032753465274
93	3.3079917758817703
94	3.5381773195190376
95	3.195635534694704
96	3.5434229762718905
97	3.531196923752737
98	0.8468734330567971
99	3.531196923752737
100	0.8468732753803262
101	3.5032753465274
102	1.7470346526443221
103	3.489230817109001
104	0.8475289934241876
105	3.531202045318107
106	3.5313644053642004
107	1.7455037659482948
108	3.543423081389538
109	1.7457235319095417
110	3.543423081389538
111	3.3081557068527037
112	7.117385182307754
113	3.543423081389538
114	3.195635534694704
115	1.7457235319095417
116	3.5032753465274
117	3.531202045318107
118	3.533032120197769
119	3.5311960652919505
120	3.699228843618883
121	3.543423081389538
122	3.5314053895669
123	3.5381773195190376
124	4.875619752613628
125	3.531196923752737
126	3.5327042582559036
127	3.531196923752737
128	3.543423081389538
129	3.531196923752737
130	3.195635534694704
131	3.5381773195190376
132	3.5314053895669
133	3.489230817109001
134	3.5381773195190376
135	3.489230817109001
136	3.3081557068527037
137	3.5327042582559036
138	3.531196923752737
139	3.307991770041901
140	3.5381773195190376
141	3.5327042582559036
142	3.5381773195190376
143	3.5313644053642004
144	3.5327042582559036
145	3.5032753465274
146	3.543423081389538
147	3.5313644053642004
148	3.546045965244722
149	3.5327042582559036
150	1.7457231581579065
151	3.587207565654742
152	0.8475289934241876
153	3.531196923752737
154	0.8468732753803262
155	3.5314053895669
156	3.543423081389538
157	3.5314053895669
158	3.543423081389538
159	3.489230817109001
160	3.307991770041901
161	3.5381773195190376
162	3.307991770041901
163	3.5276857899381695
164	0.8468734330567971
165	3.4892291001874285
166	3.3079917758817703
167	3.531196923752737
168	3.533032120197769
169	3.5276857899381695
170	3.5327042465761656
171	3.552179977074604
172	3.5327042582559036
173	3.543423081389538
174	3.5032958386287505
175	3.3079917758817703
176	3.543423081389538
177	3.531196923752737
178	3.5464847496639442
179	3.5313644170439384
180	4.875619752613628
181	1.7457232107167302
182	3.3079917758817703
183	3.531196923752737
184	3.5434229762718905
185	3.489230817109001
186	3.3079917758817703
187	3.543423081389538
188	3.5032958386287505
189	14.286747024571586
190	3.5313644053642004
191	1.7457235319095417
192	3.5032753465274
193	1.7457235319095417
194	3.531202045318107
195	1.7457231581579065
196	3.5381773195190376
197	7.117385182307754
198	1.7457232107167302
199	3.5032958386287505
200	3.543423081389538
201	3.5032753523672695
202	3.195635534694704
203	3.543423081389538
204	3.699228843618883
205	3.533032120197769
206	3.5032753465274
207	0.8475289934241876
208	3.489230817109001
209	3.3079917758817703
210	1.745723584468365
211	3.5032753465274
212	4.875619752613628
213	3.489241060239741
214	1.7470346526443221
215	3.527688353640789
216	3.587207565654742
217	3.3079917758817703
218	3.531196923752737
219	1.7455037659482948
220	3.5032753465274
221	3.5381773195190376
222	0.8468732753803262
223	3.5276857899381695
224	3.195635534694704
225	3.527688353640789
226	3.1956355288548344
227	3.5381773195190376
228	4.875619752613628
229	3.531202045318107
230	0.8468732753803262
231	3.5032753465274
232	14.286747024571586
233	3.489230817109001
234	7.117385182307754
235	3.5381771034438745
236	3.5032753465274
237	1.7457235319095417
238	3.489230817109001
239	3.5327042582559036
240	3.5381773195190376
241	3.3081557068527037
242	3.531196923752737
243	3.195635552214311
244	3.543423081389538
245	0.8468732461809797
246	3.979449523060633
247	0.8468732753803262
248	3.5381773195190376
249	3.3079918167608553
250	3.533032120197769
251	3.5381773195190376
252	1.7457232107167302
253	3.5032753465274
254	1.7470346526443221
255	3.489230817109001
256	0.8468732753803262
257	3.532704340014074
258	0.8468732753803262
259	3.699228843618883
260	1.7457232107167302
261	3.195635534694704
262	3.531196923752737
263	3.543423081389538
264	3.5313644053642004
265	3.587207565654742
266	3.3079917758817703
267	3.489230817109001
268	1.7457235319095417
269	3.531202045318107
270	3.5313644053642004
271	3.5434229762718905
272	3.5313644053642004
273	3.543423081389538
274	3.531196923752737
275	3.543423081389538
276	3.5032753465274
277	4.875619752613628
278	3.489230817109001
279	3.5327042582559036
280	3.5276857899381695
281	3.979449523060633
282	3.527688353640789
283	3.195635534694704
284	3.5381773195190376
285	3.5032958386287505
286	0.8468734330567971
287	3.531196923752737
288	1.7457235319095417
289	3.5032958386287505
290	0.8468734330567971
291	3.5314053895669
292	3.543423081389538
293	3.3079917758817703
294	3.531196923752737
295	4.875619752613628
296	3.5381773195190376
297	3.195635552214311
298	3.489230817109001
299	4.875619752613628
300	3.543423081389538
301	3.3079917758817703
302	3.5381773195190376
303	3.5313644053642004
304	3.543423081389538
305	3.5313644170439384
306	1.7457235319095417
307	3.5381773195190376
308	3.195635534694704
309	3.5381771034438745
310	3.3079643460157
311	3.489230817109001
312	1.7457232107167302
313	3.5032958386287505
314	1.7457232107167302
315	3.5313644053642004
316	3.195635534694704
317	3.531202045318107
318	0.8468732753803262
319	3.195635552214311
320	14.286747024571586
321	3.531196923752737
322	3.195635552214311
323	1.7470346526443221
324	3.531196923752737
325	0.8475289934241876
326	3.531196923752737
327	3.195717497260236
328	7.117385182307754
329	3.531196923752737
330	0.8468732461809797
331	3.531196923752737
332	0.8468732753803262
333	3.5276857899381695
334	3.979449523060633
335	3.531202045318107
336	3.307991770041901
337	0.8468732753803262
338	3.5276857899381695
339	3.3081557068527037
340	3.5276857899381695
341	3.3079918167608553
342	3.5381773195190376
343	3.3079918167608553
344	3.5381773195190376
345	0.8468732753803262
346	3.5313644053642004
347	3.5327042582559036
348	3.531202045318107
349	3.5313644053642004
350	0.8475289934241876
351	3.552179977074604
352	3.5327042582559036
353	3.5276857899381695
354	3.3081557068527037
355	3.531196923752737
356	0.8475289934241876
357	3.489230817109001
358	0.8468732753803262
359	3.5381773195190376
360	3.5314053895669
361	3.543423081389538
362	3.4892291001874285
363	0.8475289934241876
364	3.527685363627711
365	3.489230817109001
366	3.532649398523763
367	1.7457232107167302
368	3.5032753465274
369	1.7457232107167302
370	3.5313644053642004
371	3.543423081389538
372	3.195621816841733
373	1.7457232107167302
374	3.531202045318107
375	3.503271918524125
376	0.8468732753803262
377	3.5313644053642004
378	3.543423081389538
379	3.489230817109001
380	0.8475289934241876
381	3.4892291001874285
382	3.543423081389538
383	3.531357549357649
384	3.543423081389538
385	3.5313644170439384
386	3.5327042582559036
387	3.5313644170439384
388	0.8468732753803262
389	3.489230817109001
390	3.3079643460157
391	3.5381773195190376
392	3.546045965244722
393	3.5032753523672695
394	3.307991770041901
395	3.4892291001874285
396	1.7457232107167302
397	3.5032753523672695
398	3.5327042465761656
399	3.587207565654742
400	3.195635552214311
401	3.543423081389538
402	3.195635534694704
403	7.117385182307754
404	3.538178598450414
405	3.531196923752737
406	3.5313644053642004
407	3.3079917758817703
408	3.489230817109001
409	3.3079643460157
410	3.543423081389538
411	3.489230817109001
412	3.195635534694704
413	3.543423081389538
414	3.195717497260236
415	3.5381773195190376
416	3.3079917758817703
417	3.543423081389538
418	3.489230817109001
419	3.5327042582559036
420	3.489241060239741
421	3.5313644053642004
422	3.543423081389538
423	3.5313644053642004
424	1.7457232107167302
425	3.587207565654742
426	1.7457231581579065
427	3.5032753465274
428	3.531196923752737
429	3.3079917758817703
430	14.286747024571586
431	3.531196923752737
432	0.8475289934241876
433	1.7457232107167302
434	3.489230817109001
435	3.307991770041901
436	3.489241060239741
437	3.5327042582559036
438	3.531202045318107
439	3.5313644053642004
440	7.117385182307754
441	7.117385182307754
442	3.5381773195190376
443	3.3081557068527037
444	3.5381773195190376
445	3.5313644170439384
446	3.5434237237751605
447	3.531196923752737
448	14.286747024571586
449	3.5276857899381695
450	3.3081557068527037
451	3.5276857899381695
452	3.5032753465274
453	1.7457235319095417
454	3.5313644170439384
455	0.8468732753803262
456	3.531196923752737
457	3.5381773195190376
458	3.489241060239741
459	3.5032958386287505
460	3.5381773195190376
461	3.489241060239741
462	3.5313644053642004
463	3.5276857899381695
464	3.3079917758817703
465	3.5311960652919505
466	3.195635534694704
467	3.531196923752737
468	1.7457232107167302
469	3.5032753465274
470	3.3081557068527037
471	3.5381773195190376
472	3.3079917758817703
473	3.489230817109001
474	0.8468734330567971
475	3.5313644053642004
476	1.7457235319095417
477	3.5032753465274
478	0.8467635500761741
479	3.5276857899381695
480	3.531196923752737
481	3.3079917758817703
482	3.543423081389538
483	3.3079643460157
484	3.5327042582559036
485	3.538178598450414
486	3.195635534694704
487	3.531196923752737
488	3.5429841918526677
489	3.531196923752737
490	3.5313644053642004
491	3.543423081389538
492	3.5313644053642004
493	1.7470346526443221
494	3.195635534694704
495	1.7457232107167302
496	3.5314053895669
497	3.5381773195190376
498	0.8467635500761741
499	3.5381773195190376
