0	1.5387163820353786
1	1.3919052260643194
2	1.5237576259723753
3	1.5409646810700552
4	1.5387163820353786
5	1.5387163820353786
6	0.385241157752866
7	1.5357246303221919
8	1.534219781463096
9	1.5363706639760382
10	1.5357246303221919
11	1.5387162894269846
12	1.3919052260643194
13	1.5357268253914238
14	1.7278427460877557
15	1.5387163820353786
16	1.5357964118392864
17	1.5358139773989976
18	1.534219781463096
19	1.5387163820353786
20	1.5387163820353786
21	1.4400603695319627
22	6.1454826609100115
23	1.536370658970179
24	1.5357246303221919
25	1.5420888318388586
26	1.6077420059782341
27	0.3852411702675138
28	1.5357964168451455
29	1.5387163820353786
30	1.5357964118392864
31	1.540964956392308
32	1.5357964118392864
33	1.5357964118392864
34	1.5387163820353786
35	1.538716930176954
36	1.5365111834478713
37	1.5357964118392864
38	0.770482478196154
39	1.5358139773989976
40	1.5420888318388586
41	1.6077420059782341
42	1.3919052260643194
43	1.5177382330389197
44	0.38519414272385194
45	1.3919052260643194
46	6.1454826609100115
47	1.5597304230418492
48	1.540964956392308
49	0.3855222067082498
50	1.5357246303221919
51	1.5409646810700552
52	1.4400603695319627
53	1.523766408752231
54	1.5363706639760382
55	1.5237576259723753
56	0.3852411702675138
57	1.540964956392308
58	1.5177382330389197
59	1.5363706990170525
60	1.5409646810700552
61	1.3919052335731081
62	0.3852411702675138
63	1.5237576284753047
64	6.1454826609100115
65	1.5342208802491764
66	1.3919052260643194
67	0.3852412378466122
68	1.534219781463096
69	0.3852411702675138
70	1.5237576259723753
71	1.5357964118392864
72	1.5342208802491764
73	0.7704823405350276
74	1.5237576259723753
75	1.5409646810700552
76	1.523766408752231
77	1.5237576259723753
78	0.7704823180086616
79	1.3919403546808125
80	1.534219781463096
81	1.5363706639760382
82	1.534219781463096
83	1.5357964118392864
84	1.5409646810700552
85	1.5237576259723753
86	1.5409646810700552
87	1.3919403546808125
88	1.5387163820353786
89	1.5237561567527185
90	1.5363706639760382
91	1.5177426231773827
92	1.5357964118392864
93	0.3852411702675138
94	1.3918993466827627
95	1.5387163820353786
96	1.5358139773989976
97	1.5409646810700552
98	1.5357246303221919
99	1.536370658970179
100	1.5387163820353786
101	1.5357964118392864
102	1.5387163820353786
103	1.5237576259723753
104	0.7704823180086616
105	1.5387163820353786
106	1.5363706639760382
107	1.5387163820353786
108	1.5357964168451455
109	1.534219781463096
110	1.5365111834478713
111	1.5387163820353786
112	1.5363706639760382
113	1.538716930176954
114	1.5357964168451455
115	0.3855222067082498
116	1.5357246303221919
117	1.3919052335731081
118	1.5177382330389197
119	1.4400603720348921
120	1.5357246303221919
121	0.3852412378466122
122	1.534219781463096
123	1.5357934733999727
124	1.5363706639760382
125	1.5237576259723753
126	0.7704823405350276
127	1.5357246303221919
128	0.3855222067082498
129	0.38519414272385194
130	1.5177382330389197
131	1.5409646810700552
132	1.4400603720348921
133	0.3855222067082498
134	1.5447178289638284
135	0.3855222067082498
136	1.4401306317708087
137	1.5387163820353786
138	1.5409646810700552
139	1.5177382330389197
140	0.38519414272385194
141	1.5447178289638284
142	1.5363706990170525
143	1.5177426231773827
144	1.7278427460877557
145	1.5357246303221919
146	1.5365111834478713
147	1.5357246303221919
148	1.5387163820353786
149	1.5357964118392864
150	1.5363706639760382
151	1.5409646810700552
152	1.5177382330389197
153	0.770482478196154
154	1.5597304230418492
155	0.3852411702675138
156	1.3918993466827627
157	0.3852411702675138
158	1.5357246303221919
159	1.5363706990170525
160	1.5177426231773827
161	1.4400603720348921
162	1.523766408752231
163	0.7704823405350276
164	1.5357964118392864
165	3.0727413304550057
166	0.7703882879506335
167	1.3919403546808125
168	1.534219781463096
169	1.5365111834478713
170	1.5357246303221919
171	0.3852412378466122
172	1.523766408752231
173	0.7704823180086616
174	1.6077420059782341
175	1.5387163820353786
176	1.4400603720348921
177	1.5357246303221919
178	3.0727413304550057
179	1.538716930176954
180	1.5363706639760382
181	1.5177426231773827
182	1.4400603720348921
183	1.5387163820353786
184	1.5357964118392864
185	1.534219781463096
186	1.4400603720348921
187	1.5409646810700552
188	1.5237576259723753
189	0.77048250072252
190	1.5177382330389197
191	1.5409646810700552
192	1.523766408752231
193	0.3855222067082498
194	1.540964956392308
195	1.5357964118392864
196	1.534219781463096
197	1.5365111834478713
198	1.534219781463096
199	1.5357964118392864
200	0.7710444159194293
201	1.4400603720348921
202	1.5357268253914238
203	2.1119354120817655
204	1.5409646810700552
205	1.3919052260643194
206	0.3852412378466122
207	1.5357246303221919
208	1.3919052235613896
209	1.540964956392308
210	1.5342208802491764
211	0.3852411702675138
212	1.6077420059782341
213	0.7704823180086616
214	1.5177382330389197
215	0.3855222067082498
216	1.523766408752231
217	1.5363706990170525
218	1.5387163820353786
219	1.5365111834478713
220	1.534219781463096
221	0.385241157752866
222	1.5237576259723753
223	1.5363706639760382
224	1.5387163820353786
225	1.3919052335731081
226	1.540964956392308
227	1.5357964168451455
228	0.7704823180086616
229	1.3919052260643194
230	1.5387163820353786
231	1.4400603720348921
232	1.5357268253914238
233	1.5363706639760382
234	1.5387163820353786
235	1.7278427460877557
236	1.5409646810700552
237	1.5357964118392864
238	3.0727413304550057
239	1.540964956392308
240	1.5177382330389197
241	1.4400603720348921
242	1.5357246303221919
243	0.3855222067082498
244	1.5342195987492373
245	1.4401306317708087
246	6.1454826609100115
247	1.5357246303221919
248	1.5365111834478713
249	1.5177382330389197
250	0.770482478196154
251	1.5409646810700552
252	2.1119354120817655
253	1.5387163820353786
254	1.5237576259723753
255	0.3855222067082498
256	1.5447178289638284
257	0.3852411702675138
258	1.5357934733999727
259	1.5409646810700552
260	1.4400603720348921
261	1.5597304230418492
262	2.1119354120817655
263	1.5387163820353786
264	1.440060389555399
265	1.5363706639760382
266	1.5387162894269846
267	1.3919052260643194
268	1.5357246303221919
269	1.5357964118392864
270	1.5342208802491764
271	1.5363471514556724
272	1.5177382330389197
273	0.3852412378466122
274	1.4400603695319627
275	1.534219781463096
276	1.440060389555399
277	1.5409646810700552
278	0.7704823405350276
279	1.5357246303221919
280	3.0727413304550057
281	1.5177382330389197
282	1.5363706639760382
283	1.538716930176954
284	1.5420888318388586
285	1.5387163820353786
286	1.5237576284753047
287	0.7704823405350276
288	1.5357964168451455
289	1.5357246303221919
290	0.7704823405350276
291	1.5357246303221919
292	0.3852411702675138
293	1.5357246303221919
294	1.5357964168451455
295	1.540964956392308
296	1.5237576284753047
297	0.3852411702675138
298	1.5177426231773827
299	0.7710444159194293
300	1.5358139773989976
301	1.6077420059782341
302	1.5363706639760382
303	1.523766408752231
304	0.38519414272385194
305	1.5357246303221919
306	1.5357246303221919
307	0.7703882879506335
308	1.5177382330389197
309	1.4400603720348921
310	1.534219781463096
311	1.7278427460877557
312	1.5357246303221919
313	1.5387163820353786
314	1.5363471514556724
315	1.5342195987492373
316	1.5237576259723753
317	0.7704823405350276
318	1.5237576259723753
319	1.5387163820353786
320	1.5237576259723753
321	0.7704823405350276
322	1.5237576259723753
323	0.3852412378466122
324	1.5177426231773827
325	1.5387163820353786
326	1.7278427460877557
327	1.5177382330389197
328	1.5363706639760382
329	1.5357246303221919
330	1.5363706639760382
331	1.5357246303221919
332	6.1454826609100115
333	1.5409646810700552
334	1.5177382330389197
335	0.7703882879506335
336	1.5237576259723753
337	1.5409646810700552
338	1.440060389555399
339	1.5357246303221919
340	1.5363706639760382
341	1.5177382330389197
342	0.3855222067082498
343	1.5387163820353786
344	1.5357964118392864
345	1.5387163820353786
346	0.3855222067082498
347	1.5357246303221919
348	1.5363706990170525
349	1.5357246303221919
350	0.770482478196154
351	1.5357268253914238
352	1.3919052260643194
353	1.5387163820353786
354	1.5363706639760382
355	1.5357246303221919
356	1.5363706990170525
357	1.5342208802491764
358	1.5363706639760382
359	1.5357246303221919
360	0.7703882879506335
361	1.5357964118392864
362	1.5409646810700552
363	1.7278427460877557
364	1.5409646810700552
365	1.3919052235613896
366	1.5387163820353786
367	0.3852412378466122
368	1.5177382330389197
369	1.5387163820353786
370	1.7278427460877557
371	1.5357268253914238
372	0.3855222067082498
373	6.1454826609100115
374	1.5357246303221919
375	0.3852411702675138
376	1.5387163820353786
377	1.4400486157747092
378	1.5237576259723753
379	0.3852412378466122
380	1.5357964118392864
381	1.5387163820353786
382	1.6077420059782341
383	3.0727413304550057
384	1.5237576259723753
385	1.5387163820353786
386	1.5357964168451455
387	0.7704823405350276
388	1.5357964118392864
389	1.3918993466827627
390	1.5409646810700552
391	1.523766408752231
392	1.5357246303221919
393	3.0727413304550057
394	1.5177374971776265
395	1.5387163820353786
396	1.4400603720348921
397	1.5387163820353786
398	1.5363706639760382
399	1.523766408752231
400	1.5363706639760382
401	1.6077420059782341
402	1.5387163820353786
403	1.5357964118392864
404	0.7703882879506335
405	1.5357964118392864
406	1.5409646810700552
407	1.5363706990170525
408	1.5447178289638284
409	1.3919052260643194
410	1.5409646810700552
411	6.915776896276251
412	1.5357246303221919
413	1.540964956392308
414	1.3918993466827627
415	1.5177374971776265
416	1.5420888318388586
417	1.5357964118392864
418	1.5387163820353786
419	0.3852412378466122
420	1.5237576259723753
421	1.4400603720348921
422	1.3918993466827627
423	1.5409646810700552
424	1.5357268253914238
425	1.4401306317708087
426	1.5387163820353786
427	0.385241157752866
428	1.5409646810700552
429	1.6077420059782341
430	1.534219781463096
431	3.0727413304550057
432	1.5420888318388586
433	1.4400486157747092
434	1.534219781463096
435	1.5177382330389197
436	1.5409646810700552
437	1.6077420059782341
438	0.3852411702675138
439	1.5237576259723753
440	3.0727413304550057
441	1.5357268253914238
442	1.5409646810700552
443	1.5237576259723753
444	1.5357246303221919
445	3.0727413304550057
446	1.5342195987492373
447	2.1119354120817655
448	1.5357246303221919
449	1.5409646810700552
450	1.5357964168451455
451	0.770482478196154
452	1.534219781463096
453	1.3919052235613896
454	1.5342195987492373
455	1.565748346755648
456	0.3852412378466122
457	1.5387163820353786
458	0.3852411702675138
459	1.5342208802491764
460	1.3919052260643194
461	1.5357934733999727
462	1.5409646810700552
463	1.5357964118392864
464	1.5363706639760382
465	1.5357246303221919
466	0.7704823180086616
467	1.5237576284753047
468	3.0727413304550057
469	1.5409646810700552
470	1.5177382330389197
471	1.3919052235613896
472	1.540776575901267
473	1.523766408752231
474	1.5409646810700552
475	1.6077420059782341
476	1.5409646360173233
477	1.440060389555399
478	1.5177426231773827
479	0.3852411702675138
480	1.5177382330389197
481	0.7710444159194293
482	1.5357246303221919
483	0.3852411702675138
484	1.5387163820353786
485	1.4400603720348921
486	1.540964956392308
487	1.5357934733999727
488	1.5177374971776265
489	1.4400486157747092
490	1.5357246303221919
491	1.5363471514556724
492	1.5237576259723753
493	3.0727413304550057
494	1.5409646810700552
495	1.5363471514556724
496	1.5177382330389197
497	1.440060389555399
498	1.5387163820353786
499	1.3918993466827627
0	1.5387163820353786
1	1.3919052260643194
2	1.5237576259723753
3	1.5409646810700552
4	1.5387163820353786
5	1.5387163820353786
6	0.385241157752866
7	1.5357246303221919
8	1.534219781463096
9	1.5363706639760382
10	1.5357246303221919
11	1.5387162894269846
12	1.3919052260643194
13	1.5357268253914238
14	1.7278427460877557
15	1.5387163820353786
16	1.5357964118392864
17	1.5358139773989976
18	1.534219781463096
19	1.5387163820353786
20	1.5387163820353786
21	1.4400603695319627
22	6.1454826609100115
23	1.536370658970179
24	1.5357246303221919
25	1.5420888318388586
26	1.6077420059782341
27	0.3852411702675138
28	1.5357964168451455
29	1.5387163820353786
30	1.5357964118392864
31	1.540964956392308
32	1.5357964118392864
33	1.5357964118392864
34	1.5387163820353786
35	1.538716930176954
36	1.5365111834478713
37	1.5357964118392864
38	0.770482478196154
39	1.5358139773989976
40	1.5420888318388586
41	1.6077420059782341
42	1.3919052260643194
43	1.5177382330389197
44	0.38519414272385194
45	1.3919052260643194
46	6.1454826609100115
47	1.5597304230418492
48	1.540964956392308
49	0.3855222067082498
50	1.5357246303221919
51	1.5409646810700552
52	1.4400603695319627
53	1.523766408752231
54	1.5363706639760382
55	1.5237576259723753
56	0.3852411702675138
57	1.540964956392308
58	1.5177382330389197
59	1.5363706990170525
60	1.5409646810700552
61	1.3919052335731081
62	0.3852411702675138
63	1.5237576284753047
64	6.1454826609100115
65	1.5342208802491764
66	1.3919052260643194
67	0.3852412378466122
68	1.534219781463096
69	0.3852411702675138
70	1.5237576259723753
71	1.5357964118392864
72	1.5342208802491764
73	0.7704823405350276
74	1.5237576259723753
75	1.5409646810700552
76	1.523766408752231
77	1.5237576259723753
78	0.7704823180086616
79	1.3919403546808125
80	1.534219781463096
81	1.5363706639760382
82	1.534219781463096
83	1.5357964118392864
84	1.5409646810700552
85	1.5237576259723753
86	1.5409646810700552
87	1.3919403546808125
88	1.5387163820353786
89	1.5237561567527185
90	1.5363706639760382
91	1.5177426231773827
92	1.5357964118392864
93	0.3852411702675138
94	1.3918993466827627
95	1.5387163820353786
96	1.5358139773989976
97	1.5409646810700552
98	1.5357246303221919
99	1.536370658970179
100	1.5387163820353786
101	1.5357964118392864
102	1.5387163820353786
103	1.5237576259723753
104	0.7704823180086616
105	1.5387163820353786
106	1.5363706639760382
107	1.5387163820353786
108	1.5357964168451455
109	1.534219781463096
110	1.5365111834478713
111	1.5387163820353786
112	1.5363706639760382
113	1.538716930176954
114	1.5357964168451455
115	0.3855222067082498
116	1.5357246303221919
117	1.3919052335731081
118	1.5177382330389197
119	1.4400603720348921
120	1.5357246303221919
121	0.3852412378466122
122	1.534219781463096
123	1.5357934733999727
124	1.5363706639760382
125	1.5237576259723753
126	0.7704823405350276
127	1.5357246303221919
128	0.3855222067082498
129	0.38519414272385194
130	1.5177382330389197
131	1.5409646810700552
132	1.4400603720348921
133	0.3855222067082498
134	1.5447178289638284
135	0.3855222067082498
136	1.4401306317708087
137	1.5387163820353786
138	1.5409646810700552
139	1.5177382330389197
140	0.38519414272385194
141	1.5447178289638284
142	1.5363706990170525
143	1.5177426231773827
144	1.7278427460877557
145	1.5357246303221919
146	1.5365111834478713
147	1.5357246303221919
148	1.5387163820353786
149	1.5357964118392864
150	1.5363706639760382
151	1.5409646810700552
152	1.5177382330389197
153	0.770482478196154
154	1.5597304230418492
155	0.3852411702675138
156	1.3918993466827627
157	0.3852411702675138
158	1.5357246303221919
159	1.5363706990170525
160	1.5177426231773827
161	1.4400603720348921
162	1.523766408752231
163	0.7704823405350276
164	1.5357964118392864
165	3.0727413304550057
166	0.7703882879506335
167	1.3919403546808125
168	1.534219781463096
169	1.5365111834478713
170	1.5357246303221919
171	0.3852412378466122
172	1.523766408752231
173	0.7704823180086616
174	1.6077420059782341
175	1.5387163820353786
176	1.4400603720348921
177	1.5357246303221919
178	3.0727413304550057
179	1.538716930176954
180	1.5363706639760382
181	1.5177426231773827
182	1.4400603720348921
183	1.5387163820353786
184	1.5357964118392864
185	1.534219781463096
186	1.4400603720348921
187	1.5409646810700552
188	1.5237576259723753
189	0.77048250072252
190	1.5177382330389197
191	1.5409646810700552
192	1.523766408752231
193	0.3855222067082498
194	1.540964956392308
195	1.5357964118392864
196	1.534219781463096
197	1.5365111834478713
198	1.534219781463096
199	1.5357964118392864
200	0.7710444159194293
201	1.4400603720348921
202	1.5357268253914238
203	2.1119354120817655
204	1.5409646810700552
205	1.3919052260643194
206	0.3852412378466122
207	1.5357246303221919
208	1.3919052235613896
209	1.540964956392308
210	1.5342208802491764
211	0.3852411702675138
212	1.6077420059782341
213	0.7704823180086616
214	1.5177382330389197
215	0.3855222067082498
216	1.523766408752231
217	1.5363706990170525
218	1.5387163820353786
219	1.5365111834478713
220	1.534219781463096
221	0.385241157752866
222	1.5237576259723753
223	1.5363706639760382
224	1.5387163820353786
225	1.3919052335731081
226	1.540964956392308
227	1.5357964168451455
228	0.7704823180086616
229	1.3919052260643194
230	1.5387163820353786
231	1.4400603720348921
232	1.5357268253914238
233	1.5363706639760382
234	1.5387163820353786
235	1.7278427460877557
236	1.5409646810700552
237	1.5357964118392864
238	3.0727413304550057
239	1.540964956392308
240	1.5177382330389197
241	1.4400603720348921
242	1.5357246303221919
243	0.3855222067082498
244	1.5342195987492373
245	1.4401306317708087
246	6.1454826609100115
247	1.5357246303221919
248	1.5365111834478713
249	1.5177382330389197
250	0.770482478196154
251	1.5409646810700552
252	2.1119354120817655
253	1.5387163820353786
254	1.5237576259723753
255	0.3855222067082498
256	1.5447178289638284
257	0.3852411702675138
258	1.5357934733999727
259	1.5409646810700552
260	1.4400603720348921
261	1.5597304230418492
262	2.1119354120817655
263	1.5387163820353786
264	1.440060389555399
265	1.5363706639760382
266	1.5387162894269846
267	1.3919052260643194
268	1.5357246303221919
269	1.5357964118392864
270	1.5342208802491764
271	1.5363471514556724
272	1.5177382330389197
273	0.3852412378466122
274	1.4400603695319627
275	1.534219781463096
276	1.440060389555399
277	1.5409646810700552
278	0.7704823405350276
279	1.5357246303221919
280	3.0727413304550057
281	1.5177382330389197
282	1.5363706639760382
283	1.538716930176954
284	1.5420888318388586
285	1.5387163820353786
286	1.5237576284753047
287	0.7704823405350276
288	1.5357964168451455
289	1.5357246303221919
290	0.7704823405350276
291	1.5357246303221919
292	0.3852411702675138
293	1.5357246303221919
294	1.5357964168451455
295	1.540964956392308
296	1.5237576284753047
297	0.3852411702675138
298	1.5177426231773827
299	0.7710444159194293
300	1.5358139773989976
301	1.6077420059782341
302	1.5363706639760382
303	1.523766408752231
304	0.38519414272385194
305	1.5357246303221919
306	1.5357246303221919
307	0.7703882879506335
308	1.5177382330389197
309	1.4400603720348921
310	1.534219781463096
311	1.7278427460877557
312	1.5357246303221919
313	1.5387163820353786
314	1.5363471514556724
315	1.5342195987492373
316	1.5237576259723753
317	0.7704823405350276
318	1.5237576259723753
319	1.5387163820353786
320	1.5237576259723753
321	0.7704823405350276
322	1.5237576259723753
323	0.3852412378466122
324	1.5177426231773827
325	1.5387163820353786
326	1.7278427460877557
327	1.5177382330389197
328	1.5363706639760382
329	1.5357246303221919
330	1.5363706639760382
331	1.5357246303221919
332	6.1454826609100115
333	1.5409646810700552
334	1.5177382330389197
335	0.7703882879506335
336	1.5237576259723753
337	1.5409646810700552
338	1.440060389555399
339	1.5357246303221919
340	1.5363706639760382
341	1.5177382330389197
342	0.3855222067082498
343	1.5387163820353786
344	1.5357964118392864
345	1.5387163820353786
346	0.3855222067082498
347	1.5357246303221919
348	1.5363706990170525
349	1.5357246303221919
350	0.770482478196154
351	1.5357268253914238
352	1.3919052260643194
353	1.5387163820353786
354	1.5363706639760382
355	1.5357246303221919
356	1.5363706990170525
357	1.5342208802491764
358	1.5363706639760382
359	1.5357246303221919
360	0.7703882879506335
361	1.5357964118392864
362	1.5409646810700552
363	1.7278427460877557
364	1.5409646810700552
365	1.3919052235613896
366	1.5387163820353786
367	0.3852412378466122
368	1.5177382330389197
369	1.5387163820353786
370	1.7278427460877557
371	1.5357268253914238
372	0.3855222067082498
373	6.1454826609100115
374	1.5357246303221919
375	0.3852411702675138
376	1.5387163820353786
377	1.4400486157747092
378	1.5237576259723753
379	0.3852412378466122
380	1.5357964118392864
381	1.5387163820353786
382	1.6077420059782341
383	3.0727413304550057
384	1.5237576259723753
385	1.5387163820353786
386	1.5357964168451455
387	0.7704823405350276
388	1.5357964118392864
389	1.3918993466827627
390	1.5409646810700552
391	1.523766408752231
392	1.5357246303221919
393	3.0727413304550057
394	1.5177374971776265
395	1.5387163820353786
396	1.4400603720348921
397	1.5387163820353786
398	1.5363706639760382
399	1.523766408752231
400	1.5363706639760382
401	1.6077420059782341
402	1.5387163820353786
403	1.5357964118392864
404	0.7703882879506335
405	1.5357964118392864
406	1.5409646810700552
407	1.5363706990170525
408	1.5447178289638284
409	1.3919052260643194
410	1.5409646810700552
411	6.915776896276251
412	1.5357246303221919
413	1.540964956392308
414	1.3918993466827627
415	1.5177374971776265
416	1.5420888318388586
417	1.5357964118392864
418	1.5387163820353786
419	0.3852412378466122
420	1.5237576259723753
421	1.4400603720348921
422	1.3918993466827627
423	1.5409646810700552
424	1.5357268253914238
425	1.4401306317708087
426	1.5387163820353786
427	0.385241157752866
428	1.5409646810700552
429	1.6077420059782341
430	1.534219781463096
431	3.0727413304550057
432	1.5420888318388586
433	1.4400486157747092
434	1.534219781463096
435	1.5177382330389197
436	1.5409646810700552
437	1.6077420059782341
438	0.3852411702675138
439	1.5237576259723753
440	3.0727413304550057
441	1.5357268253914238
442	1.5409646810700552
443	1.5237576259723753
444	1.5357246303221919
445	3.0727413304550057
446	1.5342195987492373
447	2.1119354120817655
448	1.5357246303221919
449	1.5409646810700552
450	1.5357964168451455
451	0.770482478196154
452	1.534219781463096
453	1.3919052235613896
454	1.5342195987492373
455	1.565748346755648
456	0.3852412378466122
457	1.5387163820353786
458	0.3852411702675138
459	1.5342208802491764
460	1.3919052260643194
461	1.5357934733999727
462	1.5409646810700552
463	1.5357964118392864
464	1.5363706639760382
465	1.5357246303221919
466	0.7704823180086616
467	1.5237576284753047
468	3.0727413304550057
469	1.5409646810700552
470	1.5177382330389197
471	1.3919052235613896
472	1.540776575901267
473	1.523766408752231
474	1.5409646810700552
475	1.6077420059782341
476	1.5409646360173233
477	1.440060389555399
478	1.5177426231773827
479	0.3852411702675138
480	1.5177382330389197
481	0.7710444159194293
482	1.5357246303221919
483	0.3852411702675138
484	1.5387163820353786
485	1.4400603720348921
486	1.540964956392308
487	1.5357934733999727
488	1.5177374971776265
489	1.4400486157747092
490	1.5357246303221919
491	1.5363471514556724
492	1.5237576259723753
493	3.0727413304550057
494	1.5409646810700552
495	1.5363471514556724
496	1.5177382330389197
497	1.440060389555399
498	1.5387163820353786
499	1.3918993466827627
0	1.5387163820353786
1	1.3919052260643194
2	1.5237576259723753
3	1.5409646810700552
4	1.5387163820353786
5	1.5387163820353786
6	0.385241157752866
7	1.5357246303221919
8	1.534219781463096
9	1.5363706639760382
10	1.5357246303221919
11	1.5387162894269846
12	1.3919052260643194
13	1.5357268253914238
14	1.7278427460877557
15	1.5387163820353786
16	1.5357964118392864
17	1.5358139773989976
18	1.534219781463096
19	1.5387163820353786
20	1.5387163820353786
21	1.4400603695319627
22	6.1454826609100115
23	1.536370658970179
24	1.5357246303221919
25	1.5420888318388586
26	1.6077420059782341
27	0.3852411702675138
28	1.5357964168451455
29	1.5387163820353786
30	1.5357964118392864
31	1.540964956392308
32	1.5357964118392864
33	1.5357964118392864
34	1.5387163820353786
35	1.538716930176954
36	1.5365111834478713
37	1.5357964118392864
38	0.770482478196154
39	1.5358139773989976
40	1.5420888318388586
41	1.6077420059782341
42	1.3919052260643194
43	1.5177382330389197
44	0.38519414272385194
45	1.3919052260643194
46	6.1454826609100115
47	1.5597304230418492
48	1.540964956392308
49	0.3855222067082498
50	1.5357246303221919
51	1.5409646810700552
52	1.4400603695319627
53	1.523766408752231
54	1.5363706639760382
55	1.5237576259723753
56	0.3852411702675138
57	1.540964956392308
58	1.5177382330389197
59	1.5363706990170525
60	1.5409646810700552
61	1.3919052335731081
62	0.3852411702675138
63	1.5237576284753047
64	6.1454826609100115
65	1.5342208802491764
66	1.3919052260643194
67	0.3852412378466122
68	1.534219781463096
69	0.3852411702675138
70	1.5237576259723753
71	1.5357964118392864
72	1.5342208802491764
73	0.7704823405350276
74	1.5237576259723753
75	1.5409646810700552
76	1.523766408752231
77	1.5237576259723753
78	0.7704823180086616
79	1.3919403546808125
80	1.534219781463096
81	1.5363706639760382
82	1.534219781463096
83	1.5357964118392864
84	1.5409646810700552
85	1.5237576259723753
86	1.5409646810700552
87	1.3919403546808125
88	1.5387163820353786
89	1.5237561567527185
90	1.5363706639760382
91	1.5177426231773827
92	1.5357964118392864
93	0.3852411702675138
94	1.3918993466827627
95	1.5387163820353786
96	1.5358139773989976
97	1.5409646810700552
98	1.5357246303221919
99	1.536370658970179
100	1.5387163820353786
101	1.5357964118392864
102	1.5387163820353786
103	1.5237576259723753
104	0.7704823180086616
105	1.5387163820353786
106	1.5363706639760382
107	1.5387163820353786
108	1.5357964168451455
109	1.534219781463096
110	1.5365111834478713
111	1.5387163820353786
112	1.5363706639760382
113	1.538716930176954
114	1.5357964168451455
115	0.3855222067082498
116	1.5357246303221919
117	1.3919052335731081
118	1.5177382330389197
119	1.4400603720348921
120	1.5357246303221919
121	0.3852412378466122
122	1.534219781463096
123	1.5357934733999727
124	1.5363706639760382
125	1.5237576259723753
126	0.7704823405350276
127	1.5357246303221919
128	0.3855222067082498
129	0.38519414272385194
130	1.5177382330389197
131	1.5409646810700552
132	1.4400603720348921
133	0.3855222067082498
134	1.5447178289638284
135	0.3855222067082498
136	1.4401306317708087
137	1.5387163820353786
138	1.5409646810700552
139	1.5177382330389197
140	0.38519414272385194
141	1.5447178289638284
142	1.5363706990170525
143	1.5177426231773827
144	1.7278427460877557
145	1.5357246303221919
146	1.5365111834478713
147	1.5357246303221919
148	1.5387163820353786
149	1.5357964118392864
150	1.5363706639760382
151	1.5409646810700552
152	1.5177382330389197
153	0.770482478196154
154	1.5597304230418492
155	0.3852411702675138
156	1.3918993466827627
157	0.3852411702675138
158	1.5357246303221919
159	1.5363706990170525
160	1.5177426231773827
161	1.4400603720348921
162	1.523766408752231
163	0.7704823405350276
164	1.5357964118392864
165	3.0727413304550057
166	0.7703882879506335
167	1.3919403546808125
168	1.534219781463096
169	1.5365111834478713
170	1.5357246303221919
171	0.3852412378466122
172	1.523766408752231
173	0.7704823180086616
174	1.6077420059782341
175	1.5387163820353786
176	1.4400603720348921
177	1.5357246303221919
178	3.0727413304550057
179	1.538716930176954
180	1.5363706639760382
181	1.5177426231773827
182	1.4400603720348921
183	1.5387163820353786
184	1.5357964118392864
185	1.534219781463096
186	1.4400603720348921
187	1.5409646810700552
188	1.5237576259723753
189	0.77048250072252
190	1.5177382330389197
191	1.5409646810700552
192	1.523766408752231
193	0.3855222067082498
194	1.540964956392308
195	1.5357964118392864
196	1.534219781463096
197	1.5365111834478713
198	1.534219781463096
199	1.5357964118392864
200	0.7710444159194293
201	1.4400603720348921
202	1.5357268253914238
203	2.1119354120817655
204	1.5409646810700552
205	1.3919052260643194
206	0.3852412378466122
207	1.5357246303221919
208	1.3919052235613896
209	1.540964956392308
210	1.5342208802491764
211	0.3852411702675138
212	1.6077420059782341
213	0.7704823180086616
214	1.5177382330389197
215	0.3855222067082498
216	1.523766408752231
217	1.5363706990170525
218	1.5387163820353786
219	1.5365111834478713
220	1.534219781463096
221	0.385241157752866
222	1.5237576259723753
223	1.5363706639760382
224	1.5387163820353786
225	1.3919052335731081
226	1.540964956392308
227	1.5357964168451455
228	0.7704823180086616
229	1.3919052260643194
230	1.5387163820353786
231	1.4400603720348921
232	1.5357268253914238
233	1.5363706639760382
234	1.5387163820353786
235	1.7278427460877557
236	1.5409646810700552
237	1.5357964118392864
238	3.0727413304550057
239	1.540964956392308
240	1.5177382330389197
241	1.4400603720348921
242	1.5357246303221919
243	0.3855222067082498
244	1.5342195987492373
245	1.4401306317708087
246	6.1454826609100115
247	1.5357246303221919
248	1.5365111834478713
249	1.5177382330389197
250	0.770482478196154
251	1.5409646810700552
252	2.1119354120817655
253	1.5387163820353786
254	1.5237576259723753
255	0.3855222067082498
256	1.5447178289638284
257	0.3852411702675138
258	1.5357934733999727
259	1.5409646810700552
260	1.4400603720348921
261	1.5597304230418492
262	2.1119354120817655
263	1.5387163820353786
264	1.440060389555399
265	1.5363706639760382
266	1.5387162894269846
267	1.3919052260643194
268	1.5357246303221919
269	1.5357964118392864
270	1.5342208802491764
271	1.5363471514556724
272	1.5177382330389197
273	0.3852412378466122
274	1.4400603695319627
275	1.534219781463096
276	1.440060389555399
277	1.5409646810700552
278	0.7704823405350276
279	1.5357246303221919
280	3.0727413304550057
281	1.5177382330389197
282	1.5363706639760382
283	1.538716930176954
284	1.5420888318388586
285	1.5387163820353786
286	1.5237576284753047
287	0.7704823405350276
288	1.5357964168451455
289	1.5357246303221919
290	0.7704823405350276
291	1.5357246303221919
292	0.3852411702675138
293	1.5357246303221919
294	1.5357964168451455
295	1.540964956392308
296	1.5237576284753047
297	0.3852411702675138
298	1.5177426231773827
299	0.7710444159194293
300	1.5358139773989976
301	1.6077420059782341
302	1.5363706639760382
303	1.523766408752231
304	0.38519414272385194
305	1.5357246303221919
306	1.5357246303221919
307	0.7703882879506335
308	1.5177382330389197
309	1.4400603720348921
310	1.534219781463096
311	1.7278427460877557
312	1.5357246303221919
313	1.5387163820353786
314	1.5363471514556724
315	1.5342195987492373
316	1.5237576259723753
317	0.7704823405350276
318	1.5237576259723753
319	1.5387163820353786
320	1.5237576259723753
321	0.7704823405350276
322	1.5237576259723753
323	0.3852412378466122
324	1.5177426231773827
325	1.5387163820353786
326	1.7278427460877557
327	1.5177382330389197
328	1.5363706639760382
329	1.5357246303221919
330	1.5363706639760382
331	1.5357246303221919
332	6.1454826609100115
333	1.5409646810700552
334	1.5177382330389197
335	0.7703882879506335
336	1.5237576259723753
337	1.5409646810700552
338	1.440060389555399
339	1.5357246303221919
340	1.5363706639760382
341	1.5177382330389197
342	0.3855222067082498
343	1.5387163820353786
344	1.5357964118392864
345	1.5387163820353786
346	0.3855222067082498
347	1.5357246303221919
348	1.5363706990170525
349	1.5357246303221919
350	0.770482478196154
351	1.5357268253914238
352	1.3919052260643194
353	1.5387163820353786
354	1.5363706639760382
355	1.5357246303221919
356	1.5363706990170525
357	1.5342208802491764
358	1.5363706639760382
359	1.5357246303221919
360	0.7703882879506335
361	1.5357964118392864
362	1.5409646810700552
363	1.7278427460877557
364	1.5409646810700552
365	1.3919052235613896
366	1.5387163820353786
367	0.3852412378466122
368	1.5177382330389197
369	1.5387163820353786
370	1.7278427460877557
371	1.5357268253914238
372	0.3855222067082498
373	6.1454826609100115
374	1.5357246303221919
375	0.3852411702675138
376	1.5387163820353786
377	1.4400486157747092
378	1.5237576259723753
379	0.3852412378466122
380	1.5357964118392864
381	1.5387163820353786
382	1.6077420059782341
383	3.0727413304550057
384	1.5237576259723753
385	1.5387163820353786
386	1.5357964168451455
387	0.7704823405350276
388	1.5357964118392864
389	1.3918993466827627
390	1.5409646810700552
391	1.523766408752231
392	1.5357246303221919
393	3.0727413304550057
394	1.5177374971776265
395	1.5387163820353786
396	1.4400603720348921
397	1.5387163820353786
398	1.5363706639760382
399	1.523766408752231
400	1.5363706639760382
401	1.6077420059782341
402	1.5387163820353786
403	1.5357964118392864
404	0.7703882879506335
405	1.5357964118392864
406	1.5409646810700552
407	1.5363706990170525
408	1.5447178289638284
409	1.3919052260643194
410	1.5409646810700552
411	6.915776896276251
412	1.5357246303221919
413	1.540964956392308
414	1.3918993466827627
415	1.5177374971776265
416	1.5420888318388586
417	1.5357964118392864
418	1.5387163820353786
419	0.3852412378466122
420	1.5237576259723753
421	1.4400603720348921
422	1.3918993466827627
423	1.5409646810700552
424	1.5357268253914238
425	1.4401306317708087
426	1.5387163820353786
427	0.385241157752866
428	1.5409646810700552
429	1.6077420059782341
430	1.534219781463096
431	3.0727413304550057
432	1.5420888318388586
433	1.4400486157747092
434	1.534219781463096
435	1.5177382330389197
436	1.5409646810700552
437	1.6077420059782341
438	0.3852411702675138
439	1.5237576259723753
440	3.0727413304550057
441	1.5357268253914238
442	1.5409646810700552
443	1.5237576259723753
444	1.5357246303221919
445	3.0727413304550057
446	1.5342195987492373
447	2.1119354120817655
448	1.5357246303221919
449	1.5409646810700552
450	1.5357964168451455
451	0.770482478196154
452	1.534219781463096
453	1.3919052235613896
454	1.5342195987492373
455	1.565748346755648
456	0.3852412378466122
457	1.5387163820353786
458	0.3852411702675138
459	1.5342208802491764
460	1.3919052260643194
461	1.5357934733999727
462	1.5409646810700552
463	1.5357964118392864
464	1.5363706639760382
465	1.5357246303221919
466	0.7704823180086616
467	1.5237576284753047
468	3.0727413304550057
469	1.5409646810700552
470	1.5177382330389197
471	1.3919052235613896
472	1.540776575901267
473	1.523766408752231
474	1.5409646810700552
475	1.6077420059782341
476	1.5409646360173233
477	1.440060389555399
478	1.5177426231773827
479	0.3852411702675138
480	1.5177382330389197
481	0.7710444159194293
482	1.5357246303221919
483	0.3852411702675138
484	1.5387163820353786
485	1.4400603720348921
486	1.540964956392308
487	1.5357934733999727
488	1.5177374971776265
489	1.4400486157747092
490	1.5357246303221919
491	1.5363471514556724
492	1.5237576259723753
493	3.0727413304550057
494	1.5409646810700552
495	1.5363471514556724
496	1.5177382330389197
497	1.440060389555399
498	1.5387163820353786
499	1.3918993466827627
0	1.5387163820353786
1	1.3919052260643194
2	1.5237576259723753
3	1.5409646810700552
4	1.5387163820353786
5	1.5387163820353786
6	0.385241157752866
7	1.5357246303221919
8	1.534219781463096
9	1.5363706639760382
10	1.5357246303221919
11	1.5387162894269846
12	1.3919052260643194
13	1.5357268253914238
14	1.7278427460877557
15	1.5387163820353786
16	1.5357964118392864
17	1.5358139773989976
18	1.534219781463096
19	1.5387163820353786
20	1.5387163820353786
21	1.4400603695319627
22	6.1454826609100115
23	1.536370658970179
24	1.5357246303221919
25	1.5420888318388586
26	1.6077420059782341
27	0.3852411702675138
28	1.5357964168451455
29	1.5387163820353786
30	1.5357964118392864
31	1.540964956392308
32	1.5357964118392864
33	1.5357964118392864
34	1.5387163820353786
35	1.538716930176954
36	1.5365111834478713
37	1.5357964118392864
38	0.770482478196154
39	1.5358139773989976
40	1.5420888318388586
41	1.6077420059782341
42	1.3919052260643194
43	1.5177382330389197
44	0.38519414272385194
45	1.3919052260643194
46	6.1454826609100115
47	1.5597304230418492
48	1.540964956392308
49	0.3855222067082498
50	1.5357246303221919
51	1.5409646810700552
52	1.4400603695319627
53	1.523766408752231
54	1.5363706639760382
55	1.5237576259723753
56	0.3852411702675138
57	1.540964956392308
58	1.5177382330389197
59	1.5363706990170525
60	1.5409646810700552
61	1.3919052335731081
62	0.3852411702675138
63	1.5237576284753047
64	6.1454826609100115
65	1.5342208802491764
66	1.3919052260643194
67	0.3852412378466122
68	1.534219781463096
69	0.3852411702675138
70	1.5237576259723753
71	1.5357964118392864
72	1.5342208802491764
73	0.7704823405350276
74	1.5237576259723753
75	1.5409646810700552
76	1.523766408752231
77	1.5237576259723753
78	0.7704823180086616
79	1.3919403546808125
80	1.534219781463096
81	1.5363706639760382
82	1.534219781463096
83	1.5357964118392864
84	1.5409646810700552
85	1.5237576259723753
86	1.5409646810700552
87	1.3919403546808125
88	1.5387163820353786
89	1.5237561567527185
90	1.5363706639760382
91	1.5177426231773827
92	1.5357964118392864
93	0.3852411702675138
94	1.3918993466827627
95	1.5387163820353786
96	1.5358139773989976
97	1.5409646810700552
98	1.5357246303221919
99	1.536370658970179
100	1.5387163820353786
101	1.5357964118392864
102	1.5387163820353786
103	1.5237576259723753
104	0.7704823180086616
105	1.5387163820353786
106	1.5363706639760382
107	1.5387163820353786
108	1.5357964168451455
109	1.534219781463096
110	1.5365111834478713
111	1.5387163820353786
112	1.5363706639760382
113	1.538716930176954
114	1.5357964168451455
115	0.3855222067082498
116	1.5357246303221919
117	1.3919052335731081
118	1.5177382330389197
119	1.4400603720348921
120	1.5357246303221919
121	0.3852412378466122
122	1.534219781463096
123	1.5357934733999727
124	1.5363706639760382
125	1.5237576259723753
126	0.7704823405350276
127	1.5357246303221919
128	0.3855222067082498
129	0.38519414272385194
130	1.5177382330389197
131	1.5409646810700552
132	1.4400603720348921
133	0.3855222067082498
134	1.5447178289638284
135	0.3855222067082498
136	1.4401306317708087
137	1.5387163820353786
138	1.5409646810700552
139	1.5177382330389197
140	0.38519414272385194
141	1.5447178289638284
142	1.5363706990170525
143	1.5177426231773827
144	1.7278427460877557
145	1.5357246303221919
146	1.5365111834478713
147	1.5357246303221919
148	1.5387163820353786
149	1.5357964118392864
150	1.5363706639760382
151	1.5409646810700552
152	1.5177382330389197
153	0.770482478196154
154	1.5597304230418492
155	0.3852411702675138
156	1.3918993466827627
157	0.3852411702675138
158	1.5357246303221919
159	1.5363706990170525
160	1.5177426231773827
161	1.4400603720348921
162	1.523766408752231
163	0.7704823405350276
164	1.5357964118392864
165	3.0727413304550057
166	0.7703882879506335
167	1.3919403546808125
168	1.534219781463096
169	1.5365111834478713
170	1.5357246303221919
171	0.3852412378466122
172	1.523766408752231
173	0.7704823180086616
174	1.6077420059782341
175	1.5387163820353786
176	1.4400603720348921
177	1.5357246303221919
178	3.0727413304550057
179	1.538716930176954
180	1.5363706639760382
181	1.5177426231773827
182	1.4400603720348921
183	1.5387163820353786
184	1.5357964118392864
185	1.534219781463096
186	1.4400603720348921
187	1.5409646810700552
188	1.5237576259723753
189	0.77048250072252
190	1.5177382330389197
191	1.5409646810700552
192	1.523766408752231
193	0.3855222067082498
194	1.540964956392308
195	1.5357964118392864
196	1.534219781463096
197	1.5365111834478713
198	1.534219781463096
199	1.5357964118392864
200	0.7710444159194293
201	1.4400603720348921
202	1.5357268253914238
203	2.1119354120817655
204	1.5409646810700552
205	1.3919052260643194
206	0.3852412378466122
207	1.5357246303221919
208	1.3919052235613896
209	1.540964956392308
210	1.5342208802491764
211	0.3852411702675138
212	1.6077420059782341
213	0.7704823180086616
214	1.5177382330389197
215	0.3855222067082498
216	1.523766408752231
217	1.5363706990170525
218	1.5387163820353786
219	1.5365111834478713
220	1.534219781463096
221	0.385241157752866
222	1.5237576259723753
223	1.5363706639760382
224	1.5387163820353786
225	1.3919052335731081
226	1.540964956392308
227	1.5357964168451455
228	0.7704823180086616
229	1.3919052260643194
230	1.5387163820353786
231	1.4400603720348921
232	1.5357268253914238
233	1.5363706639760382
234	1.5387163820353786
235	1.7278427460877557
236	1.5409646810700552
237	1.5357964118392864
238	3.0727413304550057
239	1.540964956392308
240	1.5177382330389197
241	1.4400603720348921
242	1.5357246303221919
243	0.3855222067082498
244	1.5342195987492373
245	1.4401306317708087
246	6.1454826609100115
247	1.5357246303221919
248	1.5365111834478713
249	1.5177382330389197
250	0.770482478196154
251	1.5409646810700552
252	2.1119354120817655
253	1.5387163820353786
254	1.5237576259723753
255	0.3855222067082498
256	1.5447178289638284
257	0.3852411702675138
258	1.5357934733999727
259	1.5409646810700552
260	1.4400603720348921
261	1.5597304230418492
262	2.1119354120817655
263	1.5387163820353786
264	1.440060389555399
265	1.5363706639760382
266	1.5387162894269846
267	1.3919052260643194
268	1.5357246303221919
269	1.5357964118392864
270	1.5342208802491764
271	1.5363471514556724
272	1.5177382330389197
273	0.3852412378466122
274	1.4400603695319627
275	1.534219781463096
276	1.440060389555399
277	1.5409646810700552
278	0.7704823405350276
279	1.5357246303221919
280	3.0727413304550057
281	1.5177382330389197
282	1.5363706639760382
283	1.538716930176954
284	1.5420888318388586
285	1.5387163820353786
286	1.5237576284753047
287	0.7704823405350276
288	1.5357964168451455
289	1.5357246303221919
290	0.7704823405350276
291	1.5357246303221919
292	0.3852411702675138
293	1.5357246303221919
294	1.5357964168451455
295	1.540964956392308
296	1.5237576284753047
297	0.3852411702675138
298	1.5177426231773827
299	0.7710444159194293
300	1.5358139773989976
301	1.6077420059782341
302	1.5363706639760382
303	1.523766408752231
304	0.38519414272385194
305	1.5357246303221919
306	1.5357246303221919
307	0.7703882879506335
308	1.5177382330389197
309	1.4400603720348921
310	1.534219781463096
311	1.7278427460877557
312	1.5357246303221919
313	1.5387163820353786
314	1.5363471514556724
315	1.5342195987492373
316	1.5237576259723753
317	0.7704823405350276
318	1.5237576259723753
319	1.5387163820353786
320	1.5237576259723753
321	0.7704823405350276
322	1.5237576259723753
323	0.3852412378466122
324	1.5177426231773827
325	1.5387163820353786
326	1.7278427460877557
327	1.5177382330389197
328	1.5363706639760382
329	1.5357246303221919
330	1.5363706639760382
331	1.5357246303221919
332	6.1454826609100115
333	1.5409646810700552
334	1.5177382330389197
335	0.7703882879506335
336	1.5237576259723753
337	1.5409646810700552
338	1.440060389555399
339	1.5357246303221919
340	1.5363706639760382
341	1.5177382330389197
342	0.3855222067082498
343	1.5387163820353786
344	1.5357964118392864
345	1.5387163820353786
346	0.3855222067082498
347	1.5357246303221919
348	1.5363706990170525
349	1.5357246303221919
350	0.770482478196154
351	1.5357268253914238
352	1.3919052260643194
353	1.5387163820353786
354	1.5363706639760382
355	1.5357246303221919
356	1.5363706990170525
357	1.5342208802491764
358	1.5363706639760382
359	1.5357246303221919
360	0.7703882879506335
361	1.5357964118392864
362	1.5409646810700552
363	1.7278427460877557
364	1.5409646810700552
365	1.3919052235613896
366	1.5387163820353786
367	0.3852412378466122
368	1.5177382330389197
369	1.5387163820353786
370	1.7278427460877557
371	1.5357268253914238
372	0.3855222067082498
373	6.1454826609100115
374	1.5357246303221919
375	0.3852411702675138
376	1.5387163820353786
377	1.4400486157747092
378	1.5237576259723753
379	0.3852412378466122
380	1.5357964118392864
381	1.5387163820353786
382	1.6077420059782341
383	3.0727413304550057
384	1.5237576259723753
385	1.5387163820353786
386	1.5357964168451455
387	0.7704823405350276
388	1.5357964118392864
389	1.3918993466827627
390	1.5409646810700552
391	1.523766408752231
392	1.5357246303221919
393	3.0727413304550057
394	1.5177374971776265
395	1.5387163820353786
396	1.4400603720348921
397	1.5387163820353786
398	1.5363706639760382
399	1.523766408752231
400	1.5363706639760382
401	1.6077420059782341
402	1.5387163820353786
403	1.5357964118392864
404	0.7703882879506335
405	1.5357964118392864
406	1.5409646810700552
407	1.5363706990170525
408	1.5447178289638284
409	1.3919052260643194
410	1.5409646810700552
411	6.915776896276251
412	1.5357246303221919
413	1.540964956392308
414	1.3918993466827627
415	1.5177374971776265
416	1.5420888318388586
417	1.5357964118392864
418	1.5387163820353786
419	0.3852412378466122
420	1.5237576259723753
421	1.4400603720348921
422	1.3918993466827627
423	1.5409646810700552
424	1.5357268253914238
425	1.4401306317708087
426	1.5387163820353786
427	0.385241157752866
428	1.5409646810700552
429	1.6077420059782341
430	1.534219781463096
431	3.0727413304550057
432	1.5420888318388586
433	1.4400486157747092
434	1.534219781463096
435	1.5177382330389197
436	1.5409646810700552
437	1.6077420059782341
438	0.3852411702675138
439	1.5237576259723753
440	3.0727413304550057
441	1.5357268253914238
442	1.5409646810700552
443	1.5237576259723753
444	1.5357246303221919
445	3.0727413304550057
446	1.5342195987492373
447	2.1119354120817655
448	1.5357246303221919
449	1.5409646810700552
450	1.5357964168451455
451	0.770482478196154
452	1.534219781463096
453	1.3919052235613896
454	1.5342195987492373
455	1.565748346755648
456	0.3852412378466122
457	1.5387163820353786
458	0.3852411702675138
459	1.5342208802491764
460	1.3919052260643194
461	1.5357934733999727
462	1.5409646810700552
463	1.5357964118392864
464	1.5363706639760382
465	1.5357246303221919
466	0.7704823180086616
467	1.5237576284753047
468	3.0727413304550057
469	1.5409646810700552
470	1.5177382330389197
471	1.3919052235613896
472	1.540776575901267
473	1.523766408752231
474	1.5409646810700552
475	1.6077420059782341
476	1.5409646360173233
477	1.440060389555399
478	1.5177426231773827
479	0.3852411702675138
480	1.5177382330389197
481	0.7710444159194293
482	1.5357246303221919
483	0.3852411702675138
484	1.5387163820353786
485	1.4400603720348921
486	1.540964956392308
487	1.5357934733999727
488	1.5177374971776265
489	1.4400486157747092
490	1.5357246303221919
491	1.5363471514556724
492	1.5237576259723753
493	3.0727413304550057
494	1.5409646810700552
495	1.5363471514556724
496	1.5177382330389197
497	1.440060389555399
498	1.5387163820353786
499	1.3918993466827627
0	1.5387163820353786
1	1.3919052260643194
2	1.5237576259723753
3	1.5409646810700552
4	1.5387163820353786
5	1.5387163820353786
6	0.385241157752866
7	1.5357246303221919
8	1.534219781463096
9	1.5363706639760382
10	1.5357246303221919
11	1.5387162894269846
12	1.3919052260643194
13	1.5357268253914238
14	1.7278427460877557
15	1.5387163820353786
16	1.5357964118392864
17	1.5358139773989976
18	1.534219781463096
19	1.5387163820353786
20	1.5387163820353786
21	1.4400603695319627
22	6.1454826609100115
23	1.536370658970179
24	1.5357246303221919
25	1.5420888318388586
26	1.6077420059782341
27	0.3852411702675138
28	1.5357964168451455
29	1.5387163820353786
30	1.5357964118392864
31	1.540964956392308
32	1.5357964118392864
33	1.5357964118392864
34	1.5387163820353786
35	1.538716930176954
36	1.5365111834478713
37	1.5357964118392864
38	0.770482478196154
39	1.5358139773989976
40	1.5420888318388586
41	1.6077420059782341
42	1.3919052260643194
43	1.5177382330389197
44	0.38519414272385194
45	1.3919052260643194
46	6.1454826609100115
47	1.5597304230418492
48	1.540964956392308
49	0.3855222067082498
50	1.5357246303221919
51	1.5409646810700552
52	1.4400603695319627
53	1.523766408752231
54	1.5363706639760382
55	1.5237576259723753
56	0.3852411702675138
57	1.540964956392308
58	1.5177382330389197
59	1.5363706990170525
60	1.5409646810700552
61	1.3919052335731081
62	0.3852411702675138
63	1.5237576284753047
64	6.1454826609100115
65	1.5342208802491764
66	1.3919052260643194
67	0.3852412378466122
68	1.534219781463096
69	0.3852411702675138
70	1.5237576259723753
71	1.5357964118392864
72	1.5342208802491764
73	0.7704823405350276
74	1.5237576259723753
75	1.5409646810700552
76	1.523766408752231
77	1.5237576259723753
78	0.7704823180086616
79	1.3919403546808125
80	1.534219781463096
81	1.5363706639760382
82	1.534219781463096
83	1.5357964118392864
84	1.5409646810700552
85	1.5237576259723753
86	1.5409646810700552
87	1.3919403546808125
88	1.5387163820353786
89	1.5237561567527185
90	1.5363706639760382
91	1.5177426231773827
92	1.5357964118392864
93	0.3852411702675138
94	1.3918993466827627
95	1.5387163820353786
96	1.5358139773989976
97	1.5409646810700552
98	1.5357246303221919
99	1.536370658970179
100	1.5387163820353786
101	1.5357964118392864
102	1.5387163820353786
103	1.5237576259723753
104	0.7704823180086616
105	1.5387163820353786
106	1.5363706639760382
107	1.5387163820353786
108	1.5357964168451455
109	1.534219781463096
110	1.5365111834478713
111	1.5387163820353786
112	1.5363706639760382
113	1.538716930176954
114	1.5357964168451455
115	0.3855222067082498
116	1.5357246303221919
117	1.3919052335731081
118	1.5177382330389197
119	1.4400603720348921
120	1.5357246303221919
121	0.3852412378466122
122	1.534219781463096
123	1.5357934733999727
124	1.5363706639760382
125	1.5237576259723753
126	0.7704823405350276
127	1.5357246303221919
128	0.3855222067082498
129	0.38519414272385194
130	1.5177382330389197
131	1.5409646810700552
132	1.4400603720348921
133	0.3855222067082498
134	1.5447178289638284
135	0.3855222067082498
136	1.4401306317708087
137	1.5387163820353786
138	1.5409646810700552
139	1.5177382330389197
140	0.38519414272385194
141	1.5447178289638284
142	1.5363706990170525
143	1.5177426231773827
144	1.7278427460877557
145	1.5357246303221919
146	1.5365111834478713
147	1.5357246303221919
148	1.5387163820353786
149	1.5357964118392864
150	1.5363706639760382
151	1.5409646810700552
152	1.5177382330389197
153	0.770482478196154
154	1.5597304230418492
155	0.3852411702675138
156	1.3918993466827627
157	0.3852411702675138
158	1.5357246303221919
159	1.5363706990170525
160	1.5177426231773827
161	1.4400603720348921
162	1.523766408752231
163	0.7704823405350276
164	1.5357964118392864
165	3.0727413304550057
166	0.7703882879506335
167	1.3919403546808125
168	1.534219781463096
169	1.5365111834478713
170	1.5357246303221919
171	0.3852412378466122
172	1.523766408752231
173	0.7704823180086616
174	1.6077420059782341
175	1.5387163820353786
176	1.4400603720348921
177	1.5357246303221919
178	3.0727413304550057
179	1.538716930176954
180	1.5363706639760382
181	1.5177426231773827
182	1.4400603720348921
183	1.5387163820353786
184	1.5357964118392864
185	1.534219781463096
186	1.4400603720348921
187	1.5409646810700552
188	1.5237576259723753
189	0.77048250072252
190	1.5177382330389197
191	1.5409646810700552
192	1.523766408752231
193	0.3855222067082498
194	1.540964956392308
195	1.5357964118392864
196	1.534219781463096
197	1.5365111834478713
198	1.534219781463096
199	1.5357964118392864
200	0.7710444159194293
201	1.4400603720348921
202	1.5357268253914238
203	2.1119354120817655
204	1.5409646810700552
205	1.3919052260643194
206	0.3852412378466122
207	1.5357246303221919
208	1.3919052235613896
209	1.540964956392308
210	1.5342208802491764
211	0.3852411702675138
212	1.6077420059782341
213	0.7704823180086616
214	1.5177382330389197
215	0.3855222067082498
216	1.523766408752231
217	1.5363706990170525
218	1.5387163820353786
219	1.5365111834478713
220	1.534219781463096
221	0.385241157752866
222	1.5237576259723753
223	1.5363706639760382
224	1.5387163820353786
225	1.3919052335731081
226	1.540964956392308
227	1.5357964168451455
228	0.7704823180086616
229	1.3919052260643194
230	1.5387163820353786
231	1.4400603720348921
232	1.5357268253914238
233	1.5363706639760382
234	1.5387163820353786
235	1.7278427460877557
236	1.5409646810700552
237	1.5357964118392864
238	3.0727413304550057
239	1.540964956392308
240	1.5177382330389197
241	1.4400603720348921
242	1.5357246303221919
243	0.3855222067082498
244	1.5342195987492373
245	1.4401306317708087
246	6.1454826609100115
247	1.5357246303221919
248	1.5365111834478713
249	1.5177382330389197
250	0.770482478196154
251	1.5409646810700552
252	2.1119354120817655
253	1.5387163820353786
254	1.5237576259723753
255	0.3855222067082498
256	1.5447178289638284
257	0.3852411702675138
258	1.5357934733999727
259	1.5409646810700552
260	1.4400603720348921
261	1.5597304230418492
262	2.1119354120817655
263	1.5387163820353786
264	1.440060389555399
265	1.5363706639760382
266	1.5387162894269846
267	1.3919052260643194
268	1.5357246303221919
269	1.5357964118392864
270	1.5342208802491764
271	1.5363471514556724
272	1.5177382330389197
273	0.3852412378466122
274	1.4400603695319627
275	1.534219781463096
276	1.440060389555399
277	1.5409646810700552
278	0.7704823405350276
279	1.5357246303221919
280	3.0727413304550057
281	1.5177382330389197
282	1.5363706639760382
283	1.538716930176954
284	1.5420888318388586
285	1.5387163820353786
286	1.5237576284753047
287	0.7704823405350276
288	1.5357964168451455
289	1.5357246303221919
290	0.7704823405350276
291	1.5357246303221919
292	0.3852411702675138
293	1.5357246303221919
294	1.5357964168451455
295	1.540964956392308
296	1.5237576284753047
297	0.3852411702675138
298	1.5177426231773827
299	0.7710444159194293
300	1.5358139773989976
301	1.6077420059782341
302	1.5363706639760382
303	1.523766408752231
304	0.38519414272385194
305	1.5357246303221919
306	1.5357246303221919
307	0.7703882879506335
308	1.5177382330389197
309	1.4400603720348921
310	1.534219781463096
311	1.7278427460877557
312	1.5357246303221919
313	1.5387163820353786
314	1.5363471514556724
315	1.5342195987492373
316	1.5237576259723753
317	0.7704823405350276
318	1.5237576259723753
319	1.5387163820353786
320	1.5237576259723753
321	0.7704823405350276
322	1.5237576259723753
323	0.3852412378466122
324	1.5177426231773827
325	1.5387163820353786
326	1.7278427460877557
327	1.5177382330389197
328	1.5363706639760382
329	1.5357246303221919
330	1.5363706639760382
331	1.5357246303221919
332	6.1454826609100115
333	1.5409646810700552
334	1.5177382330389197
335	0.7703882879506335
336	1.5237576259723753
337	1.5409646810700552
338	1.440060389555399
339	1.5357246303221919
340	1.5363706639760382
341	1.5177382330389197
342	0.3855222067082498
343	1.5387163820353786
344	1.5357964118392864
345	1.5387163820353786
346	0.3855222067082498
347	1.5357246303221919
348	1.5363706990170525
349	1.5357246303221919
350	0.770482478196154
351	1.5357268253914238
352	1.3919052260643194
353	1.5387163820353786
354	1.5363706639760382
355	1.5357246303221919
356	1.5363706990170525
357	1.5342208802491764
358	1.5363706639760382
359	1.5357246303221919
360	0.7703882879506335
361	1.5357964118392864
362	1.5409646810700552
363	1.7278427460877557
364	1.5409646810700552
365	1.3919052235613896
366	1.5387163820353786
367	0.3852412378466122
368	1.5177382330389197
369	1.5387163820353786
370	1.7278427460877557
371	1.5357268253914238
372	0.3855222067082498
373	6.1454826609100115
374	1.5357246303221919
375	0.3852411702675138
376	1.5387163820353786
377	1.4400486157747092
378	1.5237576259723753
379	0.3852412378466122
380	1.5357964118392864
381	1.5387163820353786
382	1.6077420059782341
383	3.0727413304550057
384	1.5237576259723753
385	1.5387163820353786
386	1.5357964168451455
387	0.7704823405350276
388	1.5357964118392864
389	1.3918993466827627
390	1.5409646810700552
391	1.523766408752231
392	1.5357246303221919
393	3.0727413304550057
394	1.5177374971776265
395	1.5387163820353786
396	1.4400603720348921
397	1.5387163820353786
398	1.5363706639760382
399	1.523766408752231
400	1.5363706639760382
401	1.6077420059782341
402	1.5387163820353786
403	1.5357964118392864
404	0.7703882879506335
405	1.5357964118392864
406	1.5409646810700552
407	1.5363706990170525
408	1.5447178289638284
409	1.3919052260643194
410	1.5409646810700552
411	6.915776896276251
412	1.5357246303221919
413	1.540964956392308
414	1.3918993466827627
415	1.5177374971776265
416	1.5420888318388586
417	1.5357964118392864
418	1.5387163820353786
419	0.3852412378466122
420	1.5237576259723753
421	1.4400603720348921
422	1.3918993466827627
423	1.5409646810700552
424	1.5357268253914238
425	1.4401306317708087
426	1.5387163820353786
427	0.385241157752866
428	1.5409646810700552
429	1.6077420059782341
430	1.534219781463096
431	3.0727413304550057
432	1.5420888318388586
433	1.4400486157747092
434	1.534219781463096
435	1.5177382330389197
436	1.5409646810700552
437	1.6077420059782341
438	0.3852411702675138
439	1.5237576259723753
440	3.0727413304550057
441	1.5357268253914238
442	1.5409646810700552
443	1.5237576259723753
444	1.5357246303221919
445	3.0727413304550057
446	1.5342195987492373
447	2.1119354120817655
448	1.5357246303221919
449	1.5409646810700552
450	1.5357964168451455
451	0.770482478196154
452	1.534219781463096
453	1.3919052235613896
454	1.5342195987492373
455	1.565748346755648
456	0.3852412378466122
457	1.5387163820353786
458	0.3852411702675138
459	1.5342208802491764
460	1.3919052260643194
461	1.5357934733999727
462	1.5409646810700552
463	1.5357964118392864
464	1.5363706639760382
465	1.5357246303221919
466	0.7704823180086616
467	1.5237576284753047
468	3.0727413304550057
469	1.5409646810700552
470	1.5177382330389197
471	1.3919052235613896
472	1.540776575901267
473	1.523766408752231
474	1.5409646810700552
475	1.6077420059782341
476	1.5409646360173233
477	1.440060389555399
478	1.5177426231773827
479	0.3852411702675138
480	1.5177382330389197
481	0.7710444159194293
482	1.5357246303221919
483	0.3852411702675138
484	1.5387163820353786
485	1.4400603720348921
486	1.540964956392308
487	1.5357934733999727
488	1.5177374971776265
489	1.4400486157747092
490	1.5357246303221919
491	1.5363471514556724
492	1.5237576259723753
493	3.0727413304550057
494	1.5409646810700552
495	1.5363471514556724
496	1.5177382330389197
497	1.440060389555399
498	1.5387163820353786
499	1.3918993466827627
