0	1.523766408752231
1	0.0
2	1.5415060221859118
3	1.541726442678359
4	1.5415723423106877
5	1.5415806720602916
6	1.541477751596436
7	1.5417024145545017
8	1.5416021346813409
9	1.5414405080044575
10	1.5415169149353938
11	1.5415584860925964
12	1.541457307667721
13	1.5417001519061717
14	1.5415252446849976
15	1.5414970516863384
16	1.5415726626856725
17	1.5414918881426387
18	1.5415957246787158
19	1.5416194349305181
20	1.541547670933931
21	1.541626165308128
22	1.541605180746626
23	1.541581630682316
24	1.5415765046825598
25	1.5415431856841444
26	1.5416001748874888
27	1.5415546816396524
28	1.5415905986789595
29	1.541650831679025
30	1.541603098309225
31	1.5416091453870622
32	1.541605180746626
33	1.5415295722502218
34	1.5415545614990334
35	1.5415282907502827
36	1.5416027754313104
37	1.5415841160913775
38	1.541516912432464
39	1.5415614495612058
40	1.541556483748942
41	1.5415470226751729
42	1.541593804931737
43	1.5415784269324684
44	1.5415620903111753
45	1.5414898457521111
46	1.5415354891757214
47	1.5415649536626015
48	1.5416181509276492
49	1.54153990434348
50	1.541533897312516
51	1.5416412029089752
52	1.5415188371853024
53	1.5415188371853024
54	1.5416423442448586
55	1.5415764270917431
56	1.541598272661017
57	1.5416232794303353
58	1.541523322435089
59	1.5415584059988505
60	1.5415122720010446
61	1.541545105431123
62	1.5415483116839006
63	1.5415188371853024
64	1.5415925159230093
65	1.5415450703901095
66	1.541615590430701
67	1.5415034591860337
68	1.5415322929346624
69	1.5415547216865257
70	1.541603098309225
71	1.5416197578084327
72	1.5415813128102611
73	1.5415014993921816
74	1.5415944456817066
75	1.5415592044333826
76	1.5415374189344186
77	1.5415456710932058
78	1.5415425449341749
79	1.5415281305627904
80	1.5416088650589508
81	1.541591724997266
82	1.5415482941633938
83	1.5415213826646736
84	1.5415540809365562
85	1.5415262083128818
86	1.5415878804974488
87	1.5415514778898047
88	1.5415931566729788
89	1.5416258424302134
90	1.5415770678417127
91	1.5416335314298477
92	1.5415483116839006
93	1.541559845183352
94	1.541582233888342
95	1.541530353164247
96	1.541618153430579
97	1.5415470276810317
98	1.5414784699372222
99	1.541572582591926
100	1.541536129925691
101	1.5416085396781063
102	1.541523322435089
103	1.5415710608107487
104	1.541520756932281
105	1.5415662451742587
106	1.5415944456817066
107	1.5415219633443333
108	1.54161687193064
109	1.5415140340634608
110	1.5415322929346624
111	1.5415806720602916
112	1.5415898828411032
113	1.54151299284476
114	1.541547673436861
115	1.5415623305924135
116	1.5415514778898047
117	1.5416001348406156
118	1.5415348384140337
119	1.5415707204123272
120	1.5416271264330823
121	1.5415668558890734
122	1.541593807434667
123	1.5415718617482106
124	1.541538622843541
125	1.5415692987483325
126	1.5415636896831693
127	1.541525237176209
128	1.5415630489331997
129	1.5415571244989115
130	1.5415034616889636
131	1.5415406251871961
132	1.5415169149353938
133	1.541530368181824
134	1.5415918851847583
135	1.54159436809089
136	1.5415495556398962
137	1.541520759435211
138	1.541548153999338
139	1.5415502314308793
140	1.5416027779342403
141	1.5415963679316151
142	1.541548274139957
143	1.541532255390719
144	1.541546872499399
145	1.5416763840869894
146	1.5415246014320982
147	1.5415495556398962
148	1.5415700796623577
149	1.5415784269324684
150	1.5414855206898168
151	1.5415848344321637
152	1.5415635319986067
153	1.5414784323932786
154	1.5415155958915112
155	1.5415969911610778
156	1.541556000683535
157	1.5415725024981801
158	1.5415519984991553
159	1.5415771078885858
160	1.5415386829138509
161	1.5415835504292947
162	1.5415700971828645
163	1.5416123090900367
164	1.5415719818888296
165	1.5416508341819548
166	1.5416399013855995
167	1.5415053438919988
168	1.5415290891848148
169	1.5415899604319199
170	1.5415444696870133
171	1.5415579229334435
172	1.5415265261849367
173	1.5415380421638814
174	1.5415713711740149
175	1.5415720169298432
176	1.5413958131911532
177	1.5415303731876837
178	1.5415425449341749
179	1.5416008531814018
180	1.5414887244396644
181	1.5415406226842663
182	1.5415153155633998
183	1.5415636721626624
184	1.541593804931737
185	1.5415310114347234
186	1.5415717015607182
187	1.5415098291417855
188	1.5415239631850586
189	1.5416130274308228
190	1.5415925259347278
191	1.541569939498302
192	1.5415989334344231
193	1.5416232418863918
194	1.5415930865909508
195	1.5416219954274664
196	1.5415374189344186
197	1.5415137111855461
198	1.5416059015903414
199	1.5415758464120835
200	1.541627762177192
201	1.5415726601827426
202	1.541658843556574
203	1.54156432292435
204	1.5415457486840225
205	1.5416053384311885
206	1.5415335744346015
207	1.541520759435211
208	1.5415479938118457
209	1.5415181964353328
210	1.5415969911610778
211	1.54155086717499
212	1.5415431831812145
213	1.5415803516853068
214	1.541566893433017
215	1.5415968509970222
216	1.5415188196647955
217	1.541558563683413
218	1.5415614495612058
219	1.5414956925955827
220	1.5415854676733445
221	1.5415963654286853
222	1.5415963654286853
223	1.5415534376836568
224	1.5415419066871352
225	1.541625199177314
226	1.5415483116839006
227	1.5416098236809752
228	1.541599554160956
229	1.5415552022490029
230	1.5416174350897929
231	1.5415028184360642
232	1.541622561089549
233	1.5415335744346015
234	1.5415777861824989
235	1.5415617699361905
236	1.5415628912486372
237	1.5416251240894272
238	1.5415175381648565
239	1.5415494354992771
240	1.5416091453870622
241	1.5416264456362394
242	1.5415867566820722
243	1.5415825943102002
244	1.5415550420615105
245	1.5415848369350935
246	1.5415803316618701
247	1.5415732984297823
248	1.5416162336836003
249	1.5415487947493076
250	1.5416083844964736
251	1.5416053384311885
252	1.5415899604319199
253	1.5415566339247158
254	1.5415687981624187
255	1.5416002124314323
256	1.5415970086815847
257	1.541553435180727
258	1.541570737932834
259	1.541514344426727
260	1.541593804931737
261	1.541589942911413
262	1.5415341976640642
263	1.5416937619269833
264	1.5415297299347843
265	1.5415624081832302
266	1.5415870795599869
267	1.5415335719316716
268	1.5415181989382627
269	1.5415994940906461
270	1.541591845137885
271	1.5415662151391039
272	1.5415757062480278
273	1.541579065179508
274	1.5415848344321637
275	1.5415667357484544
276	1.5415937874112302
277	1.5416175051718208
278	1.5415265286878665
279	1.5415322954375923
280	1.5416071029965346
281	1.5416226011364222
282	1.5415739416826817
283	1.5415802715915603
284	1.5416091804280758
285	1.541554716680666
286	1.5415700896740758
287	1.5415841861734054
288	1.541546389433992
289	1.5415393411843272
290	1.5415431856841444
291	1.5415736238106268
292	1.541565294061023
293	1.541556603889561
294	1.5415864388100173
295	1.5416001348406156
296	1.5415185193132475
297	1.5415719418419565
298	1.5415572796805441
299	1.5416418586765217
300	1.5415252446849976
301	1.5415835554351545
302	1.541610386840128
303	1.5415149926854852
304	1.5415765046825598
305	1.541588361059926
306	1.5415361399374095
307	1.541576497173771
308	1.5415777861824989
309	1.5416412129206933
310	1.5415880381820113
311	1.5416008531814018
312	1.541544790061998
313	1.541583515388281
314	1.5415713711740149
315	1.5416191170584632
316	1.5416590838378121
317	1.541587319841225
318	1.5415835529322246
319	1.5415944481846364
320	1.5415622504986677
321	1.5415680973421393
322	1.5415725024981801
323	1.5416175126806095
324	1.541580349182377
325	1.541582912182255
326	1.5415680172483934
327	1.5415854576616264
328	1.5415989284285634
329	1.5415598426804222
330	1.5415367781844491
331	1.541581630682316
332	1.5416284054300915
333	1.5416059416372145
334	1.541594287997144
335	1.5416123791720646
336	1.5415867566820722
337	1.5416008531814018
338	1.541598212590707
339	1.5416405020886959
340	1.5415559931747462
341	1.5415419041842053
342	1.5416002124314323
343	1.54152877131276
344	1.5415821938414689
345	1.5415636721626624
346	1.5415726601827426
347	1.5415636871802394
348	1.541605979181158
349	1.541482937666502
350	1.5415899604319199
351	1.5415880381820113
352	1.5415393411843272
353	1.5415867566820722
354	1.5415784194236797
355	1.5415944456817066
356	1.5415611266832911
357	1.5415297299347843
358	1.5416602852440053
359	1.5415060221859118
360	1.5415925259347278
361	1.5416159133086156
362	1.5415058645013493
363	1.5416046901724303
364	1.541595649590829
365	1.5415764671386163
366	1.5415719818888296
367	1.5415963679316151
368	1.5415861159321027
369	1.54161687193064
370	1.5415872397474792
371	1.541614912136788
372	1.5415521561837178
373	1.541593126637824
374	1.5416437458854166
375	1.5415425449341749
376	1.5415649711831083
377	1.541572019432773
378	1.5416488318382997
379	1.5415547216865257
380	1.5415758564238016
381	1.5415636120923526
382	1.5416365774951328
383	1.541556000683535
384	1.5415265261849367
385	1.5415649736860382
386	1.5415694389123882
387	1.541638654926674
388	1.5416066224340574
389	1.5415998945593774
390	1.5415675166624796
391	1.541623902659798
392	1.5415515154337482
393	1.541560478424533
394	1.5415918751730397
395	1.5415361374344796
396	1.5416149496807314
397	1.5415688156829255
398	1.541595086431676
399	1.541538622843541
400	1.5416021271725522
401	1.5415494354992771
402	1.5415662451742587
403	1.5415457486840225
404	1.5415681774358858
405	1.5416097460901586
406	1.5416200581599808
407	1.5415989309314932
408	1.5416553169288116
409	1.5416578799286897
410	1.5415893221848802
411	1.541586038341286
412	1.5415750654980582
413	1.5415797009236187
414	1.5416200756804876
415	1.541568174932956
416	1.541623917677375
417	1.5414951294364299
418	1.5416083844964736
419	1.5416706173372636
420	1.5416040569312495
421	1.5415457486840225
422	1.5415558429989724
423	1.5415726601827426
424	1.5416117459308838
425	1.541618153430579
426	1.5415899629348497
427	1.541606462246565
428	1.541539979431367
429	1.541570737932834
430	1.5415893196819503
431	1.5415822739352154
432	1.5415975718407375
433	1.541547670933931
434	1.5416053384311885
435	1.5415546816396524
436	1.5415880206615045
437	1.5415495931838397
438	1.5416476279291773
439	1.541556964311419
440	1.5415393036403837
441	1.5415752231826207
442	1.541600535309347
443	1.5415757863417736
444	1.5415860783881592
445	1.541609105340189
446	1.5415579204305137
447	1.5416014939313714
448	1.5415867191381287
449	1.5416409025574271
450	1.5416002049226436
451	1.5415021776860947
452	1.5415380571814583
453	1.5415425474371047
454	1.5416110275900976
455	1.5415750654980582
456	1.541619437433448
457	1.541550236436739
458	1.5415393336755385
459	1.5416098061604684
460	1.5414797514371612
461	1.541484236686948
462	1.5415893171790205
463	1.5415865989975097
464	1.5415864388100173
465	1.5415526392491248
466	1.541557765248881
467	1.5415649536626015
468	1.5415194779352719
469	1.5414835959369784
470	1.5416226386803658
471	1.541629609339214
472	1.5416206788865137
473	1.5415918826818285
474	1.5415822714322855
475	1.541573864091865
476	1.5415578853895
477	1.5415963303876716
478	1.5415553524247767
479	1.5415553599335654
480	1.541580031310322
481	1.5415937273409204
482	1.5415771078885858
483	1.5415515154337482
484	1.5415643304331388
485	1.5415399844372266
486	1.5416289685892444
487	1.5414867220960093
488	1.5415630489331997
489	1.541578749810383
490	1.5415982901815237
491	1.54153549668451
492	1.5415495931838397
493	1.5416019769967784
494	1.54154559099946
495	1.5415706603420174
496	1.541568174932956
497	1.5415861159321027
498	1.5415886789319808
499	1.541558563683413
0	1.523766408752231
1	0.0
2	1.5415060221859118
3	1.541726442678359
4	1.5415723423106877
5	1.5415806720602916
6	1.541477751596436
7	1.5417024145545017
8	1.5416021346813409
9	1.5414405080044575
10	1.5415169149353938
11	1.5415584860925964
12	1.541457307667721
13	1.5417001519061717
14	1.5415252446849976
15	1.5414970516863384
16	1.5415726626856725
17	1.5414918881426387
18	1.5415957246787158
19	1.5416194349305181
20	1.541547670933931
21	1.541626165308128
22	1.541605180746626
23	1.541581630682316
24	1.5415765046825598
25	1.5415431856841444
26	1.5416001748874888
27	1.5415546816396524
28	1.5415905986789595
29	1.541650831679025
30	1.541603098309225
31	1.5416091453870622
32	1.541605180746626
33	1.5415295722502218
34	1.5415545614990334
35	1.5415282907502827
36	1.5416027754313104
37	1.5415841160913775
38	1.541516912432464
39	1.5415614495612058
40	1.541556483748942
41	1.5415470226751729
42	1.541593804931737
43	1.5415784269324684
44	1.5415620903111753
45	1.5414898457521111
46	1.5415354891757214
47	1.5415649536626015
48	1.5416181509276492
49	1.54153990434348
50	1.541533897312516
51	1.5416412029089752
52	1.5415188371853024
53	1.5415188371853024
54	1.5416423442448586
55	1.5415764270917431
56	1.541598272661017
57	1.5416232794303353
58	1.541523322435089
59	1.5415584059988505
60	1.5415122720010446
61	1.541545105431123
62	1.5415483116839006
63	1.5415188371853024
64	1.5415925159230093
65	1.5415450703901095
66	1.541615590430701
67	1.5415034591860337
68	1.5415322929346624
69	1.5415547216865257
70	1.541603098309225
71	1.5416197578084327
72	1.5415813128102611
73	1.5415014993921816
74	1.5415944456817066
75	1.5415592044333826
76	1.5415374189344186
77	1.5415456710932058
78	1.5415425449341749
79	1.5415281305627904
80	1.5416088650589508
81	1.541591724997266
82	1.5415482941633938
83	1.5415213826646736
84	1.5415540809365562
85	1.5415262083128818
86	1.5415878804974488
87	1.5415514778898047
88	1.5415931566729788
89	1.5416258424302134
90	1.5415770678417127
91	1.5416335314298477
92	1.5415483116839006
93	1.541559845183352
94	1.541582233888342
95	1.541530353164247
96	1.541618153430579
97	1.5415470276810317
98	1.5414784699372222
99	1.541572582591926
100	1.541536129925691
101	1.5416085396781063
102	1.541523322435089
103	1.5415710608107487
104	1.541520756932281
105	1.5415662451742587
106	1.5415944456817066
107	1.5415219633443333
108	1.54161687193064
109	1.5415140340634608
110	1.5415322929346624
111	1.5415806720602916
112	1.5415898828411032
113	1.54151299284476
114	1.541547673436861
115	1.5415623305924135
116	1.5415514778898047
117	1.5416001348406156
118	1.5415348384140337
119	1.5415707204123272
120	1.5416271264330823
121	1.5415668558890734
122	1.541593807434667
123	1.5415718617482106
124	1.541538622843541
125	1.5415692987483325
126	1.5415636896831693
127	1.541525237176209
128	1.5415630489331997
129	1.5415571244989115
130	1.5415034616889636
131	1.5415406251871961
132	1.5415169149353938
133	1.541530368181824
134	1.5415918851847583
135	1.54159436809089
136	1.5415495556398962
137	1.541520759435211
138	1.541548153999338
139	1.5415502314308793
140	1.5416027779342403
141	1.5415963679316151
142	1.541548274139957
143	1.541532255390719
144	1.541546872499399
145	1.5416763840869894
146	1.5415246014320982
147	1.5415495556398962
148	1.5415700796623577
149	1.5415784269324684
150	1.5414855206898168
151	1.5415848344321637
152	1.5415635319986067
153	1.5414784323932786
154	1.5415155958915112
155	1.5415969911610778
156	1.541556000683535
157	1.5415725024981801
158	1.5415519984991553
159	1.5415771078885858
160	1.5415386829138509
161	1.5415835504292947
162	1.5415700971828645
163	1.5416123090900367
164	1.5415719818888296
165	1.5416508341819548
166	1.5416399013855995
167	1.5415053438919988
168	1.5415290891848148
169	1.5415899604319199
170	1.5415444696870133
171	1.5415579229334435
172	1.5415265261849367
173	1.5415380421638814
174	1.5415713711740149
175	1.5415720169298432
176	1.5413958131911532
177	1.5415303731876837
178	1.5415425449341749
179	1.5416008531814018
180	1.5414887244396644
181	1.5415406226842663
182	1.5415153155633998
183	1.5415636721626624
184	1.541593804931737
185	1.5415310114347234
186	1.5415717015607182
187	1.5415098291417855
188	1.5415239631850586
189	1.5416130274308228
190	1.5415925259347278
191	1.541569939498302
192	1.5415989334344231
193	1.5416232418863918
194	1.5415930865909508
195	1.5416219954274664
196	1.5415374189344186
197	1.5415137111855461
198	1.5416059015903414
199	1.5415758464120835
200	1.541627762177192
201	1.5415726601827426
202	1.541658843556574
203	1.54156432292435
204	1.5415457486840225
205	1.5416053384311885
206	1.5415335744346015
207	1.541520759435211
208	1.5415479938118457
209	1.5415181964353328
210	1.5415969911610778
211	1.54155086717499
212	1.5415431831812145
213	1.5415803516853068
214	1.541566893433017
215	1.5415968509970222
216	1.5415188196647955
217	1.541558563683413
218	1.5415614495612058
219	1.5414956925955827
220	1.5415854676733445
221	1.5415963654286853
222	1.5415963654286853
223	1.5415534376836568
224	1.5415419066871352
225	1.541625199177314
226	1.5415483116839006
227	1.5416098236809752
228	1.541599554160956
229	1.5415552022490029
230	1.5416174350897929
231	1.5415028184360642
232	1.541622561089549
233	1.5415335744346015
234	1.5415777861824989
235	1.5415617699361905
236	1.5415628912486372
237	1.5416251240894272
238	1.5415175381648565
239	1.5415494354992771
240	1.5416091453870622
241	1.5416264456362394
242	1.5415867566820722
243	1.5415825943102002
244	1.5415550420615105
245	1.5415848369350935
246	1.5415803316618701
247	1.5415732984297823
248	1.5416162336836003
249	1.5415487947493076
250	1.5416083844964736
251	1.5416053384311885
252	1.5415899604319199
253	1.5415566339247158
254	1.5415687981624187
255	1.5416002124314323
256	1.5415970086815847
257	1.541553435180727
258	1.541570737932834
259	1.541514344426727
260	1.541593804931737
261	1.541589942911413
262	1.5415341976640642
263	1.5416937619269833
264	1.5415297299347843
265	1.5415624081832302
266	1.5415870795599869
267	1.5415335719316716
268	1.5415181989382627
269	1.5415994940906461
270	1.541591845137885
271	1.5415662151391039
272	1.5415757062480278
273	1.541579065179508
274	1.5415848344321637
275	1.5415667357484544
276	1.5415937874112302
277	1.5416175051718208
278	1.5415265286878665
279	1.5415322954375923
280	1.5416071029965346
281	1.5416226011364222
282	1.5415739416826817
283	1.5415802715915603
284	1.5416091804280758
285	1.541554716680666
286	1.5415700896740758
287	1.5415841861734054
288	1.541546389433992
289	1.5415393411843272
290	1.5415431856841444
291	1.5415736238106268
292	1.541565294061023
293	1.541556603889561
294	1.5415864388100173
295	1.5416001348406156
296	1.5415185193132475
297	1.5415719418419565
298	1.5415572796805441
299	1.5416418586765217
300	1.5415252446849976
301	1.5415835554351545
302	1.541610386840128
303	1.5415149926854852
304	1.5415765046825598
305	1.541588361059926
306	1.5415361399374095
307	1.541576497173771
308	1.5415777861824989
309	1.5416412129206933
310	1.5415880381820113
311	1.5416008531814018
312	1.541544790061998
313	1.541583515388281
314	1.5415713711740149
315	1.5416191170584632
316	1.5416590838378121
317	1.541587319841225
318	1.5415835529322246
319	1.5415944481846364
320	1.5415622504986677
321	1.5415680973421393
322	1.5415725024981801
323	1.5416175126806095
324	1.541580349182377
325	1.541582912182255
326	1.5415680172483934
327	1.5415854576616264
328	1.5415989284285634
329	1.5415598426804222
330	1.5415367781844491
331	1.541581630682316
332	1.5416284054300915
333	1.5416059416372145
334	1.541594287997144
335	1.5416123791720646
336	1.5415867566820722
337	1.5416008531814018
338	1.541598212590707
339	1.5416405020886959
340	1.5415559931747462
341	1.5415419041842053
342	1.5416002124314323
343	1.54152877131276
344	1.5415821938414689
345	1.5415636721626624
346	1.5415726601827426
347	1.5415636871802394
348	1.541605979181158
349	1.541482937666502
350	1.5415899604319199
351	1.5415880381820113
352	1.5415393411843272
353	1.5415867566820722
354	1.5415784194236797
355	1.5415944456817066
356	1.5415611266832911
357	1.5415297299347843
358	1.5416602852440053
359	1.5415060221859118
360	1.5415925259347278
361	1.5416159133086156
362	1.5415058645013493
363	1.5416046901724303
364	1.541595649590829
365	1.5415764671386163
366	1.5415719818888296
367	1.5415963679316151
368	1.5415861159321027
369	1.54161687193064
370	1.5415872397474792
371	1.541614912136788
372	1.5415521561837178
373	1.541593126637824
374	1.5416437458854166
375	1.5415425449341749
376	1.5415649711831083
377	1.541572019432773
378	1.5416488318382997
379	1.5415547216865257
380	1.5415758564238016
381	1.5415636120923526
382	1.5416365774951328
383	1.541556000683535
384	1.5415265261849367
385	1.5415649736860382
386	1.5415694389123882
387	1.541638654926674
388	1.5416066224340574
389	1.5415998945593774
390	1.5415675166624796
391	1.541623902659798
392	1.5415515154337482
393	1.541560478424533
394	1.5415918751730397
395	1.5415361374344796
396	1.5416149496807314
397	1.5415688156829255
398	1.541595086431676
399	1.541538622843541
400	1.5416021271725522
401	1.5415494354992771
402	1.5415662451742587
403	1.5415457486840225
404	1.5415681774358858
405	1.5416097460901586
406	1.5416200581599808
407	1.5415989309314932
408	1.5416553169288116
409	1.5416578799286897
410	1.5415893221848802
411	1.541586038341286
412	1.5415750654980582
413	1.5415797009236187
414	1.5416200756804876
415	1.541568174932956
416	1.541623917677375
417	1.5414951294364299
418	1.5416083844964736
419	1.5416706173372636
420	1.5416040569312495
421	1.5415457486840225
422	1.5415558429989724
423	1.5415726601827426
424	1.5416117459308838
425	1.541618153430579
426	1.5415899629348497
427	1.541606462246565
428	1.541539979431367
429	1.541570737932834
430	1.5415893196819503
431	1.5415822739352154
432	1.5415975718407375
433	1.541547670933931
434	1.5416053384311885
435	1.5415546816396524
436	1.5415880206615045
437	1.5415495931838397
438	1.5416476279291773
439	1.541556964311419
440	1.5415393036403837
441	1.5415752231826207
442	1.541600535309347
443	1.5415757863417736
444	1.5415860783881592
445	1.541609105340189
446	1.5415579204305137
447	1.5416014939313714
448	1.5415867191381287
449	1.5416409025574271
450	1.5416002049226436
451	1.5415021776860947
452	1.5415380571814583
453	1.5415425474371047
454	1.5416110275900976
455	1.5415750654980582
456	1.541619437433448
457	1.541550236436739
458	1.5415393336755385
459	1.5416098061604684
460	1.5414797514371612
461	1.541484236686948
462	1.5415893171790205
463	1.5415865989975097
464	1.5415864388100173
465	1.5415526392491248
466	1.541557765248881
467	1.5415649536626015
468	1.5415194779352719
469	1.5414835959369784
470	1.5416226386803658
471	1.541629609339214
472	1.5416206788865137
473	1.5415918826818285
474	1.5415822714322855
475	1.541573864091865
476	1.5415578853895
477	1.5415963303876716
478	1.5415553524247767
479	1.5415553599335654
480	1.541580031310322
481	1.5415937273409204
482	1.5415771078885858
483	1.5415515154337482
484	1.5415643304331388
485	1.5415399844372266
486	1.5416289685892444
487	1.5414867220960093
488	1.5415630489331997
489	1.541578749810383
490	1.5415982901815237
491	1.54153549668451
492	1.5415495931838397
493	1.5416019769967784
494	1.54154559099946
495	1.5415706603420174
496	1.541568174932956
497	1.5415861159321027
498	1.5415886789319808
499	1.541558563683413
0	1.523766408752231
1	0.0
2	1.5415060221859118
3	1.541726442678359
4	1.5415723423106877
5	1.5415806720602916
6	1.541477751596436
7	1.5417024145545017
8	1.5416021346813409
9	1.5414405080044575
10	1.5415169149353938
11	1.5415584860925964
12	1.541457307667721
13	1.5417001519061717
14	1.5415252446849976
15	1.5414970516863384
16	1.5415726626856725
17	1.5414918881426387
18	1.5415957246787158
19	1.5416194349305181
20	1.541547670933931
21	1.541626165308128
22	1.541605180746626
23	1.541581630682316
24	1.5415765046825598
25	1.5415431856841444
26	1.5416001748874888
27	1.5415546816396524
28	1.5415905986789595
29	1.541650831679025
30	1.541603098309225
31	1.5416091453870622
32	1.541605180746626
33	1.5415295722502218
34	1.5415545614990334
35	1.5415282907502827
36	1.5416027754313104
37	1.5415841160913775
38	1.541516912432464
39	1.5415614495612058
40	1.541556483748942
41	1.5415470226751729
42	1.541593804931737
43	1.5415784269324684
44	1.5415620903111753
45	1.5414898457521111
46	1.5415354891757214
47	1.5415649536626015
48	1.5416181509276492
49	1.54153990434348
50	1.541533897312516
51	1.5416412029089752
52	1.5415188371853024
53	1.5415188371853024
54	1.5416423442448586
55	1.5415764270917431
56	1.541598272661017
57	1.5416232794303353
58	1.541523322435089
59	1.5415584059988505
60	1.5415122720010446
61	1.541545105431123
62	1.5415483116839006
63	1.5415188371853024
64	1.5415925159230093
65	1.5415450703901095
66	1.541615590430701
67	1.5415034591860337
68	1.5415322929346624
69	1.5415547216865257
70	1.541603098309225
71	1.5416197578084327
72	1.5415813128102611
73	1.5415014993921816
74	1.5415944456817066
75	1.5415592044333826
76	1.5415374189344186
77	1.5415456710932058
78	1.5415425449341749
79	1.5415281305627904
80	1.5416088650589508
81	1.541591724997266
82	1.5415482941633938
83	1.5415213826646736
84	1.5415540809365562
85	1.5415262083128818
86	1.5415878804974488
87	1.5415514778898047
88	1.5415931566729788
89	1.5416258424302134
90	1.5415770678417127
91	1.5416335314298477
92	1.5415483116839006
93	1.541559845183352
94	1.541582233888342
95	1.541530353164247
96	1.541618153430579
97	1.5415470276810317
98	1.5414784699372222
99	1.541572582591926
100	1.541536129925691
101	1.5416085396781063
102	1.541523322435089
103	1.5415710608107487
104	1.541520756932281
105	1.5415662451742587
106	1.5415944456817066
107	1.5415219633443333
108	1.54161687193064
109	1.5415140340634608
110	1.5415322929346624
111	1.5415806720602916
112	1.5415898828411032
113	1.54151299284476
114	1.541547673436861
115	1.5415623305924135
116	1.5415514778898047
117	1.5416001348406156
118	1.5415348384140337
119	1.5415707204123272
120	1.5416271264330823
121	1.5415668558890734
122	1.541593807434667
123	1.5415718617482106
124	1.541538622843541
125	1.5415692987483325
126	1.5415636896831693
127	1.541525237176209
128	1.5415630489331997
129	1.5415571244989115
130	1.5415034616889636
131	1.5415406251871961
132	1.5415169149353938
133	1.541530368181824
134	1.5415918851847583
135	1.54159436809089
136	1.5415495556398962
137	1.541520759435211
138	1.541548153999338
139	1.5415502314308793
140	1.5416027779342403
141	1.5415963679316151
142	1.541548274139957
143	1.541532255390719
144	1.541546872499399
145	1.5416763840869894
146	1.5415246014320982
147	1.5415495556398962
148	1.5415700796623577
149	1.5415784269324684
150	1.5414855206898168
151	1.5415848344321637
152	1.5415635319986067
153	1.5414784323932786
154	1.5415155958915112
155	1.5415969911610778
156	1.541556000683535
157	1.5415725024981801
158	1.5415519984991553
159	1.5415771078885858
160	1.5415386829138509
161	1.5415835504292947
162	1.5415700971828645
163	1.5416123090900367
164	1.5415719818888296
165	1.5416508341819548
166	1.5416399013855995
167	1.5415053438919988
168	1.5415290891848148
169	1.5415899604319199
170	1.5415444696870133
171	1.5415579229334435
172	1.5415265261849367
173	1.5415380421638814
174	1.5415713711740149
175	1.5415720169298432
176	1.5413958131911532
177	1.5415303731876837
178	1.5415425449341749
179	1.5416008531814018
180	1.5414887244396644
181	1.5415406226842663
182	1.5415153155633998
183	1.5415636721626624
184	1.541593804931737
185	1.5415310114347234
186	1.5415717015607182
187	1.5415098291417855
188	1.5415239631850586
189	1.5416130274308228
190	1.5415925259347278
191	1.541569939498302
192	1.5415989334344231
193	1.5416232418863918
194	1.5415930865909508
195	1.5416219954274664
196	1.5415374189344186
197	1.5415137111855461
198	1.5416059015903414
199	1.5415758464120835
200	1.541627762177192
201	1.5415726601827426
202	1.541658843556574
203	1.54156432292435
204	1.5415457486840225
205	1.5416053384311885
206	1.5415335744346015
207	1.541520759435211
208	1.5415479938118457
209	1.5415181964353328
210	1.5415969911610778
211	1.54155086717499
212	1.5415431831812145
213	1.5415803516853068
214	1.541566893433017
215	1.5415968509970222
216	1.5415188196647955
217	1.541558563683413
218	1.5415614495612058
219	1.5414956925955827
220	1.5415854676733445
221	1.5415963654286853
222	1.5415963654286853
223	1.5415534376836568
224	1.5415419066871352
225	1.541625199177314
226	1.5415483116839006
227	1.5416098236809752
228	1.541599554160956
229	1.5415552022490029
230	1.5416174350897929
231	1.5415028184360642
232	1.541622561089549
233	1.5415335744346015
234	1.5415777861824989
235	1.5415617699361905
236	1.5415628912486372
237	1.5416251240894272
238	1.5415175381648565
239	1.5415494354992771
240	1.5416091453870622
241	1.5416264456362394
242	1.5415867566820722
243	1.5415825943102002
244	1.5415550420615105
245	1.5415848369350935
246	1.5415803316618701
247	1.5415732984297823
248	1.5416162336836003
249	1.5415487947493076
250	1.5416083844964736
251	1.5416053384311885
252	1.5415899604319199
253	1.5415566339247158
254	1.5415687981624187
255	1.5416002124314323
256	1.5415970086815847
257	1.541553435180727
258	1.541570737932834
259	1.541514344426727
260	1.541593804931737
261	1.541589942911413
262	1.5415341976640642
263	1.5416937619269833
264	1.5415297299347843
265	1.5415624081832302
266	1.5415870795599869
267	1.5415335719316716
268	1.5415181989382627
269	1.5415994940906461
270	1.541591845137885
271	1.5415662151391039
272	1.5415757062480278
273	1.541579065179508
274	1.5415848344321637
275	1.5415667357484544
276	1.5415937874112302
277	1.5416175051718208
278	1.5415265286878665
279	1.5415322954375923
280	1.5416071029965346
281	1.5416226011364222
282	1.5415739416826817
283	1.5415802715915603
284	1.5416091804280758
285	1.541554716680666
286	1.5415700896740758
287	1.5415841861734054
288	1.541546389433992
289	1.5415393411843272
290	1.5415431856841444
291	1.5415736238106268
292	1.541565294061023
293	1.541556603889561
294	1.5415864388100173
295	1.5416001348406156
296	1.5415185193132475
297	1.5415719418419565
298	1.5415572796805441
299	1.5416418586765217
300	1.5415252446849976
301	1.5415835554351545
302	1.541610386840128
303	1.5415149926854852
304	1.5415765046825598
305	1.541588361059926
306	1.5415361399374095
307	1.541576497173771
308	1.5415777861824989
309	1.5416412129206933
310	1.5415880381820113
311	1.5416008531814018
312	1.541544790061998
313	1.541583515388281
314	1.5415713711740149
315	1.5416191170584632
316	1.5416590838378121
317	1.541587319841225
318	1.5415835529322246
319	1.5415944481846364
320	1.5415622504986677
321	1.5415680973421393
322	1.5415725024981801
323	1.5416175126806095
324	1.541580349182377
325	1.541582912182255
326	1.5415680172483934
327	1.5415854576616264
328	1.5415989284285634
329	1.5415598426804222
330	1.5415367781844491
331	1.541581630682316
332	1.5416284054300915
333	1.5416059416372145
334	1.541594287997144
335	1.5416123791720646
336	1.5415867566820722
337	1.5416008531814018
338	1.541598212590707
339	1.5416405020886959
340	1.5415559931747462
341	1.5415419041842053
342	1.5416002124314323
343	1.54152877131276
344	1.5415821938414689
345	1.5415636721626624
346	1.5415726601827426
347	1.5415636871802394
348	1.541605979181158
349	1.541482937666502
350	1.5415899604319199
351	1.5415880381820113
352	1.5415393411843272
353	1.5415867566820722
354	1.5415784194236797
355	1.5415944456817066
356	1.5415611266832911
357	1.5415297299347843
358	1.5416602852440053
359	1.5415060221859118
360	1.5415925259347278
361	1.5416159133086156
362	1.5415058645013493
363	1.5416046901724303
364	1.541595649590829
365	1.5415764671386163
366	1.5415719818888296
367	1.5415963679316151
368	1.5415861159321027
369	1.54161687193064
370	1.5415872397474792
371	1.541614912136788
372	1.5415521561837178
373	1.541593126637824
374	1.5416437458854166
375	1.5415425449341749
376	1.5415649711831083
377	1.541572019432773
378	1.5416488318382997
379	1.5415547216865257
380	1.5415758564238016
381	1.5415636120923526
382	1.5416365774951328
383	1.541556000683535
384	1.5415265261849367
385	1.5415649736860382
386	1.5415694389123882
387	1.541638654926674
388	1.5416066224340574
389	1.5415998945593774
390	1.5415675166624796
391	1.541623902659798
392	1.5415515154337482
393	1.541560478424533
394	1.5415918751730397
395	1.5415361374344796
396	1.5416149496807314
397	1.5415688156829255
398	1.541595086431676
399	1.541538622843541
400	1.5416021271725522
401	1.5415494354992771
402	1.5415662451742587
403	1.5415457486840225
404	1.5415681774358858
405	1.5416097460901586
406	1.5416200581599808
407	1.5415989309314932
408	1.5416553169288116
409	1.5416578799286897
410	1.5415893221848802
411	1.541586038341286
412	1.5415750654980582
413	1.5415797009236187
414	1.5416200756804876
415	1.541568174932956
416	1.541623917677375
417	1.5414951294364299
418	1.5416083844964736
419	1.5416706173372636
420	1.5416040569312495
421	1.5415457486840225
422	1.5415558429989724
423	1.5415726601827426
424	1.5416117459308838
425	1.541618153430579
426	1.5415899629348497
427	1.541606462246565
428	1.541539979431367
429	1.541570737932834
430	1.5415893196819503
431	1.5415822739352154
432	1.5415975718407375
433	1.541547670933931
434	1.5416053384311885
435	1.5415546816396524
436	1.5415880206615045
437	1.5415495931838397
438	1.5416476279291773
439	1.541556964311419
440	1.5415393036403837
441	1.5415752231826207
442	1.541600535309347
443	1.5415757863417736
444	1.5415860783881592
445	1.541609105340189
446	1.5415579204305137
447	1.5416014939313714
448	1.5415867191381287
449	1.5416409025574271
450	1.5416002049226436
451	1.5415021776860947
452	1.5415380571814583
453	1.5415425474371047
454	1.5416110275900976
455	1.5415750654980582
456	1.541619437433448
457	1.541550236436739
458	1.5415393336755385
459	1.5416098061604684
460	1.5414797514371612
461	1.541484236686948
462	1.5415893171790205
463	1.5415865989975097
464	1.5415864388100173
465	1.5415526392491248
466	1.541557765248881
467	1.5415649536626015
468	1.5415194779352719
469	1.5414835959369784
470	1.5416226386803658
471	1.541629609339214
472	1.5416206788865137
473	1.5415918826818285
474	1.5415822714322855
475	1.541573864091865
476	1.5415578853895
477	1.5415963303876716
478	1.5415553524247767
479	1.5415553599335654
480	1.541580031310322
481	1.5415937273409204
482	1.5415771078885858
483	1.5415515154337482
484	1.5415643304331388
485	1.5415399844372266
486	1.5416289685892444
487	1.5414867220960093
488	1.5415630489331997
489	1.541578749810383
490	1.5415982901815237
491	1.54153549668451
492	1.5415495931838397
493	1.5416019769967784
494	1.54154559099946
495	1.5415706603420174
496	1.541568174932956
497	1.5415861159321027
498	1.5415886789319808
499	1.541558563683413
0	1.523766408752231
1	0.0
2	1.5415060221859118
3	1.541726442678359
4	1.5415723423106877
5	1.5415806720602916
6	1.541477751596436
7	1.5417024145545017
8	1.5416021346813409
9	1.5414405080044575
10	1.5415169149353938
11	1.5415584860925964
12	1.541457307667721
13	1.5417001519061717
14	1.5415252446849976
15	1.5414970516863384
16	1.5415726626856725
17	1.5414918881426387
18	1.5415957246787158
19	1.5416194349305181
20	1.541547670933931
21	1.541626165308128
22	1.541605180746626
23	1.541581630682316
24	1.5415765046825598
25	1.5415431856841444
26	1.5416001748874888
27	1.5415546816396524
28	1.5415905986789595
29	1.541650831679025
30	1.541603098309225
31	1.5416091453870622
32	1.541605180746626
33	1.5415295722502218
34	1.5415545614990334
35	1.5415282907502827
36	1.5416027754313104
37	1.5415841160913775
38	1.541516912432464
39	1.5415614495612058
40	1.541556483748942
41	1.5415470226751729
42	1.541593804931737
43	1.5415784269324684
44	1.5415620903111753
45	1.5414898457521111
46	1.5415354891757214
47	1.5415649536626015
48	1.5416181509276492
49	1.54153990434348
50	1.541533897312516
51	1.5416412029089752
52	1.5415188371853024
53	1.5415188371853024
54	1.5416423442448586
55	1.5415764270917431
56	1.541598272661017
57	1.5416232794303353
58	1.541523322435089
59	1.5415584059988505
60	1.5415122720010446
61	1.541545105431123
62	1.5415483116839006
63	1.5415188371853024
64	1.5415925159230093
65	1.5415450703901095
66	1.541615590430701
67	1.5415034591860337
68	1.5415322929346624
69	1.5415547216865257
70	1.541603098309225
71	1.5416197578084327
72	1.5415813128102611
73	1.5415014993921816
74	1.5415944456817066
75	1.5415592044333826
76	1.5415374189344186
77	1.5415456710932058
78	1.5415425449341749
79	1.5415281305627904
80	1.5416088650589508
81	1.541591724997266
82	1.5415482941633938
83	1.5415213826646736
84	1.5415540809365562
85	1.5415262083128818
86	1.5415878804974488
87	1.5415514778898047
88	1.5415931566729788
89	1.5416258424302134
90	1.5415770678417127
91	1.5416335314298477
92	1.5415483116839006
93	1.541559845183352
94	1.541582233888342
95	1.541530353164247
96	1.541618153430579
97	1.5415470276810317
98	1.5414784699372222
99	1.541572582591926
100	1.541536129925691
101	1.5416085396781063
102	1.541523322435089
103	1.5415710608107487
104	1.541520756932281
105	1.5415662451742587
106	1.5415944456817066
107	1.5415219633443333
108	1.54161687193064
109	1.5415140340634608
110	1.5415322929346624
111	1.5415806720602916
112	1.5415898828411032
113	1.54151299284476
114	1.541547673436861
115	1.5415623305924135
116	1.5415514778898047
117	1.5416001348406156
118	1.5415348384140337
119	1.5415707204123272
120	1.5416271264330823
121	1.5415668558890734
122	1.541593807434667
123	1.5415718617482106
124	1.541538622843541
125	1.5415692987483325
126	1.5415636896831693
127	1.541525237176209
128	1.5415630489331997
129	1.5415571244989115
130	1.5415034616889636
131	1.5415406251871961
132	1.5415169149353938
133	1.541530368181824
134	1.5415918851847583
135	1.54159436809089
136	1.5415495556398962
137	1.541520759435211
138	1.541548153999338
139	1.5415502314308793
140	1.5416027779342403
141	1.5415963679316151
142	1.541548274139957
143	1.541532255390719
144	1.541546872499399
145	1.5416763840869894
146	1.5415246014320982
147	1.5415495556398962
148	1.5415700796623577
149	1.5415784269324684
150	1.5414855206898168
151	1.5415848344321637
152	1.5415635319986067
153	1.5414784323932786
154	1.5415155958915112
155	1.5415969911610778
156	1.541556000683535
157	1.5415725024981801
158	1.5415519984991553
159	1.5415771078885858
160	1.5415386829138509
161	1.5415835504292947
162	1.5415700971828645
163	1.5416123090900367
164	1.5415719818888296
165	1.5416508341819548
166	1.5416399013855995
167	1.5415053438919988
168	1.5415290891848148
169	1.5415899604319199
170	1.5415444696870133
171	1.5415579229334435
172	1.5415265261849367
173	1.5415380421638814
174	1.5415713711740149
175	1.5415720169298432
176	1.5413958131911532
177	1.5415303731876837
178	1.5415425449341749
179	1.5416008531814018
180	1.5414887244396644
181	1.5415406226842663
182	1.5415153155633998
183	1.5415636721626624
184	1.541593804931737
185	1.5415310114347234
186	1.5415717015607182
187	1.5415098291417855
188	1.5415239631850586
189	1.5416130274308228
190	1.5415925259347278
191	1.541569939498302
192	1.5415989334344231
193	1.5416232418863918
194	1.5415930865909508
195	1.5416219954274664
196	1.5415374189344186
197	1.5415137111855461
198	1.5416059015903414
199	1.5415758464120835
200	1.541627762177192
201	1.5415726601827426
202	1.541658843556574
203	1.54156432292435
204	1.5415457486840225
205	1.5416053384311885
206	1.5415335744346015
207	1.541520759435211
208	1.5415479938118457
209	1.5415181964353328
210	1.5415969911610778
211	1.54155086717499
212	1.5415431831812145
213	1.5415803516853068
214	1.541566893433017
215	1.5415968509970222
216	1.5415188196647955
217	1.541558563683413
218	1.5415614495612058
219	1.5414956925955827
220	1.5415854676733445
221	1.5415963654286853
222	1.5415963654286853
223	1.5415534376836568
224	1.5415419066871352
225	1.541625199177314
226	1.5415483116839006
227	1.5416098236809752
228	1.541599554160956
229	1.5415552022490029
230	1.5416174350897929
231	1.5415028184360642
232	1.541622561089549
233	1.5415335744346015
234	1.5415777861824989
235	1.5415617699361905
236	1.5415628912486372
237	1.5416251240894272
238	1.5415175381648565
239	1.5415494354992771
240	1.5416091453870622
241	1.5416264456362394
242	1.5415867566820722
243	1.5415825943102002
244	1.5415550420615105
245	1.5415848369350935
246	1.5415803316618701
247	1.5415732984297823
248	1.5416162336836003
249	1.5415487947493076
250	1.5416083844964736
251	1.5416053384311885
252	1.5415899604319199
253	1.5415566339247158
254	1.5415687981624187
255	1.5416002124314323
256	1.5415970086815847
257	1.541553435180727
258	1.541570737932834
259	1.541514344426727
260	1.541593804931737
261	1.541589942911413
262	1.5415341976640642
263	1.5416937619269833
264	1.5415297299347843
265	1.5415624081832302
266	1.5415870795599869
267	1.5415335719316716
268	1.5415181989382627
269	1.5415994940906461
270	1.541591845137885
271	1.5415662151391039
272	1.5415757062480278
273	1.541579065179508
274	1.5415848344321637
275	1.5415667357484544
276	1.5415937874112302
277	1.5416175051718208
278	1.5415265286878665
279	1.5415322954375923
280	1.5416071029965346
281	1.5416226011364222
282	1.5415739416826817
283	1.5415802715915603
284	1.5416091804280758
285	1.541554716680666
286	1.5415700896740758
287	1.5415841861734054
288	1.541546389433992
289	1.5415393411843272
290	1.5415431856841444
291	1.5415736238106268
292	1.541565294061023
293	1.541556603889561
294	1.5415864388100173
295	1.5416001348406156
296	1.5415185193132475
297	1.5415719418419565
298	1.5415572796805441
299	1.5416418586765217
300	1.5415252446849976
301	1.5415835554351545
302	1.541610386840128
303	1.5415149926854852
304	1.5415765046825598
305	1.541588361059926
306	1.5415361399374095
307	1.541576497173771
308	1.5415777861824989
309	1.5416412129206933
310	1.5415880381820113
311	1.5416008531814018
312	1.541544790061998
313	1.541583515388281
314	1.5415713711740149
315	1.5416191170584632
316	1.5416590838378121
317	1.541587319841225
318	1.5415835529322246
319	1.5415944481846364
320	1.5415622504986677
321	1.5415680973421393
322	1.5415725024981801
323	1.5416175126806095
324	1.541580349182377
325	1.541582912182255
326	1.5415680172483934
327	1.5415854576616264
328	1.5415989284285634
329	1.5415598426804222
330	1.5415367781844491
331	1.541581630682316
332	1.5416284054300915
333	1.5416059416372145
334	1.541594287997144
335	1.5416123791720646
336	1.5415867566820722
337	1.5416008531814018
338	1.541598212590707
339	1.5416405020886959
340	1.5415559931747462
341	1.5415419041842053
342	1.5416002124314323
343	1.54152877131276
344	1.5415821938414689
345	1.5415636721626624
346	1.5415726601827426
347	1.5415636871802394
348	1.541605979181158
349	1.541482937666502
350	1.5415899604319199
351	1.5415880381820113
352	1.5415393411843272
353	1.5415867566820722
354	1.5415784194236797
355	1.5415944456817066
356	1.5415611266832911
357	1.5415297299347843
358	1.5416602852440053
359	1.5415060221859118
360	1.5415925259347278
361	1.5416159133086156
362	1.5415058645013493
363	1.5416046901724303
364	1.541595649590829
365	1.5415764671386163
366	1.5415719818888296
367	1.5415963679316151
368	1.5415861159321027
369	1.54161687193064
370	1.5415872397474792
371	1.541614912136788
372	1.5415521561837178
373	1.541593126637824
374	1.5416437458854166
375	1.5415425449341749
376	1.5415649711831083
377	1.541572019432773
378	1.5416488318382997
379	1.5415547216865257
380	1.5415758564238016
381	1.5415636120923526
382	1.5416365774951328
383	1.541556000683535
384	1.5415265261849367
385	1.5415649736860382
386	1.5415694389123882
387	1.541638654926674
388	1.5416066224340574
389	1.5415998945593774
390	1.5415675166624796
391	1.541623902659798
392	1.5415515154337482
393	1.541560478424533
394	1.5415918751730397
395	1.5415361374344796
396	1.5416149496807314
397	1.5415688156829255
398	1.541595086431676
399	1.541538622843541
400	1.5416021271725522
401	1.5415494354992771
402	1.5415662451742587
403	1.5415457486840225
404	1.5415681774358858
405	1.5416097460901586
406	1.5416200581599808
407	1.5415989309314932
408	1.5416553169288116
409	1.5416578799286897
410	1.5415893221848802
411	1.541586038341286
412	1.5415750654980582
413	1.5415797009236187
414	1.5416200756804876
415	1.541568174932956
416	1.541623917677375
417	1.5414951294364299
418	1.5416083844964736
419	1.5416706173372636
420	1.5416040569312495
421	1.5415457486840225
422	1.5415558429989724
423	1.5415726601827426
424	1.5416117459308838
425	1.541618153430579
426	1.5415899629348497
427	1.541606462246565
428	1.541539979431367
429	1.541570737932834
430	1.5415893196819503
431	1.5415822739352154
432	1.5415975718407375
433	1.541547670933931
434	1.5416053384311885
435	1.5415546816396524
436	1.5415880206615045
437	1.5415495931838397
438	1.5416476279291773
439	1.541556964311419
440	1.5415393036403837
441	1.5415752231826207
442	1.541600535309347
443	1.5415757863417736
444	1.5415860783881592
445	1.541609105340189
446	1.5415579204305137
447	1.5416014939313714
448	1.5415867191381287
449	1.5416409025574271
450	1.5416002049226436
451	1.5415021776860947
452	1.5415380571814583
453	1.5415425474371047
454	1.5416110275900976
455	1.5415750654980582
456	1.541619437433448
457	1.541550236436739
458	1.5415393336755385
459	1.5416098061604684
460	1.5414797514371612
461	1.541484236686948
462	1.5415893171790205
463	1.5415865989975097
464	1.5415864388100173
465	1.5415526392491248
466	1.541557765248881
467	1.5415649536626015
468	1.5415194779352719
469	1.5414835959369784
470	1.5416226386803658
471	1.541629609339214
472	1.5416206788865137
473	1.5415918826818285
474	1.5415822714322855
475	1.541573864091865
476	1.5415578853895
477	1.5415963303876716
478	1.5415553524247767
479	1.5415553599335654
480	1.541580031310322
481	1.5415937273409204
482	1.5415771078885858
483	1.5415515154337482
484	1.5415643304331388
485	1.5415399844372266
486	1.5416289685892444
487	1.5414867220960093
488	1.5415630489331997
489	1.541578749810383
490	1.5415982901815237
491	1.54153549668451
492	1.5415495931838397
493	1.5416019769967784
494	1.54154559099946
495	1.5415706603420174
496	1.541568174932956
497	1.5415861159321027
498	1.5415886789319808
499	1.541558563683413
0	1.523766408752231
1	0.0
2	1.5415060221859118
3	1.541726442678359
4	1.5415723423106877
5	1.5415806720602916
6	1.541477751596436
7	1.5417024145545017
8	1.5416021346813409
9	1.5414405080044575
10	1.5415169149353938
11	1.5415584860925964
12	1.541457307667721
13	1.5417001519061717
14	1.5415252446849976
15	1.5414970516863384
16	1.5415726626856725
17	1.5414918881426387
18	1.5415957246787158
19	1.5416194349305181
20	1.541547670933931
21	1.541626165308128
22	1.541605180746626
23	1.541581630682316
24	1.5415765046825598
25	1.5415431856841444
26	1.5416001748874888
27	1.5415546816396524
28	1.5415905986789595
29	1.541650831679025
30	1.541603098309225
31	1.5416091453870622
32	1.541605180746626
33	1.5415295722502218
34	1.5415545614990334
35	1.5415282907502827
36	1.5416027754313104
37	1.5415841160913775
38	1.541516912432464
39	1.5415614495612058
40	1.541556483748942
41	1.5415470226751729
42	1.541593804931737
43	1.5415784269324684
44	1.5415620903111753
45	1.5414898457521111
46	1.5415354891757214
47	1.5415649536626015
48	1.5416181509276492
49	1.54153990434348
50	1.541533897312516
51	1.5416412029089752
52	1.5415188371853024
53	1.5415188371853024
54	1.5416423442448586
55	1.5415764270917431
56	1.541598272661017
57	1.5416232794303353
58	1.541523322435089
59	1.5415584059988505
60	1.5415122720010446
61	1.541545105431123
62	1.5415483116839006
63	1.5415188371853024
64	1.5415925159230093
65	1.5415450703901095
66	1.541615590430701
67	1.5415034591860337
68	1.5415322929346624
69	1.5415547216865257
70	1.541603098309225
71	1.5416197578084327
72	1.5415813128102611
73	1.5415014993921816
74	1.5415944456817066
75	1.5415592044333826
76	1.5415374189344186
77	1.5415456710932058
78	1.5415425449341749
79	1.5415281305627904
80	1.5416088650589508
81	1.541591724997266
82	1.5415482941633938
83	1.5415213826646736
84	1.5415540809365562
85	1.5415262083128818
86	1.5415878804974488
87	1.5415514778898047
88	1.5415931566729788
89	1.5416258424302134
90	1.5415770678417127
91	1.5416335314298477
92	1.5415483116839006
93	1.541559845183352
94	1.541582233888342
95	1.541530353164247
96	1.541618153430579
97	1.5415470276810317
98	1.5414784699372222
99	1.541572582591926
100	1.541536129925691
101	1.5416085396781063
102	1.541523322435089
103	1.5415710608107487
104	1.541520756932281
105	1.5415662451742587
106	1.5415944456817066
107	1.5415219633443333
108	1.54161687193064
109	1.5415140340634608
110	1.5415322929346624
111	1.5415806720602916
112	1.5415898828411032
113	1.54151299284476
114	1.541547673436861
115	1.5415623305924135
116	1.5415514778898047
117	1.5416001348406156
118	1.5415348384140337
119	1.5415707204123272
120	1.5416271264330823
121	1.5415668558890734
122	1.541593807434667
123	1.5415718617482106
124	1.541538622843541
125	1.5415692987483325
126	1.5415636896831693
127	1.541525237176209
128	1.5415630489331997
129	1.5415571244989115
130	1.5415034616889636
131	1.5415406251871961
132	1.5415169149353938
133	1.541530368181824
134	1.5415918851847583
135	1.54159436809089
136	1.5415495556398962
137	1.541520759435211
138	1.541548153999338
139	1.5415502314308793
140	1.5416027779342403
141	1.5415963679316151
142	1.541548274139957
143	1.541532255390719
144	1.541546872499399
145	1.5416763840869894
146	1.5415246014320982
147	1.5415495556398962
148	1.5415700796623577
149	1.5415784269324684
150	1.5414855206898168
151	1.5415848344321637
152	1.5415635319986067
153	1.5414784323932786
154	1.5415155958915112
155	1.5415969911610778
156	1.541556000683535
157	1.5415725024981801
158	1.5415519984991553
159	1.5415771078885858
160	1.5415386829138509
161	1.5415835504292947
162	1.5415700971828645
163	1.5416123090900367
164	1.5415719818888296
165	1.5416508341819548
166	1.5416399013855995
167	1.5415053438919988
168	1.5415290891848148
169	1.5415899604319199
170	1.5415444696870133
171	1.5415579229334435
172	1.5415265261849367
173	1.5415380421638814
174	1.5415713711740149
175	1.5415720169298432
176	1.5413958131911532
177	1.5415303731876837
178	1.5415425449341749
179	1.5416008531814018
180	1.5414887244396644
181	1.5415406226842663
182	1.5415153155633998
183	1.5415636721626624
184	1.541593804931737
185	1.5415310114347234
186	1.5415717015607182
187	1.5415098291417855
188	1.5415239631850586
189	1.5416130274308228
190	1.5415925259347278
191	1.541569939498302
192	1.5415989334344231
193	1.5416232418863918
194	1.5415930865909508
195	1.5416219954274664
196	1.5415374189344186
197	1.5415137111855461
198	1.5416059015903414
199	1.5415758464120835
200	1.541627762177192
201	1.5415726601827426
202	1.541658843556574
203	1.54156432292435
204	1.5415457486840225
205	1.5416053384311885
206	1.5415335744346015
207	1.541520759435211
208	1.5415479938118457
209	1.5415181964353328
210	1.5415969911610778
211	1.54155086717499
212	1.5415431831812145
213	1.5415803516853068
214	1.541566893433017
215	1.5415968509970222
216	1.5415188196647955
217	1.541558563683413
218	1.5415614495612058
219	1.5414956925955827
220	1.5415854676733445
221	1.5415963654286853
222	1.5415963654286853
223	1.5415534376836568
224	1.5415419066871352
225	1.541625199177314
226	1.5415483116839006
227	1.5416098236809752
228	1.541599554160956
229	1.5415552022490029
230	1.5416174350897929
231	1.5415028184360642
232	1.541622561089549
233	1.5415335744346015
234	1.5415777861824989
235	1.5415617699361905
236	1.5415628912486372
237	1.5416251240894272
238	1.5415175381648565
239	1.5415494354992771
240	1.5416091453870622
241	1.5416264456362394
242	1.5415867566820722
243	1.5415825943102002
244	1.5415550420615105
245	1.5415848369350935
246	1.5415803316618701
247	1.5415732984297823
248	1.5416162336836003
249	1.5415487947493076
250	1.5416083844964736
251	1.5416053384311885
252	1.5415899604319199
253	1.5415566339247158
254	1.5415687981624187
255	1.5416002124314323
256	1.5415970086815847
257	1.541553435180727
258	1.541570737932834
259	1.541514344426727
260	1.541593804931737
261	1.541589942911413
262	1.5415341976640642
263	1.5416937619269833
264	1.5415297299347843
265	1.5415624081832302
266	1.5415870795599869
267	1.5415335719316716
268	1.5415181989382627
269	1.5415994940906461
270	1.541591845137885
271	1.5415662151391039
272	1.5415757062480278
273	1.541579065179508
274	1.5415848344321637
275	1.5415667357484544
276	1.5415937874112302
277	1.5416175051718208
278	1.5415265286878665
279	1.5415322954375923
280	1.5416071029965346
281	1.5416226011364222
282	1.5415739416826817
283	1.5415802715915603
284	1.5416091804280758
285	1.541554716680666
286	1.5415700896740758
287	1.5415841861734054
288	1.541546389433992
289	1.5415393411843272
290	1.5415431856841444
291	1.5415736238106268
292	1.541565294061023
293	1.541556603889561
294	1.5415864388100173
295	1.5416001348406156
296	1.5415185193132475
297	1.5415719418419565
298	1.5415572796805441
299	1.5416418586765217
300	1.5415252446849976
301	1.5415835554351545
302	1.541610386840128
303	1.5415149926854852
304	1.5415765046825598
305	1.541588361059926
306	1.5415361399374095
307	1.541576497173771
308	1.5415777861824989
309	1.5416412129206933
310	1.5415880381820113
311	1.5416008531814018
312	1.541544790061998
313	1.541583515388281
314	1.5415713711740149
315	1.5416191170584632
316	1.5416590838378121
317	1.541587319841225
318	1.5415835529322246
319	1.5415944481846364
320	1.5415622504986677
321	1.5415680973421393
322	1.5415725024981801
323	1.5416175126806095
324	1.541580349182377
325	1.541582912182255
326	1.5415680172483934
327	1.5415854576616264
328	1.5415989284285634
329	1.5415598426804222
330	1.5415367781844491
331	1.541581630682316
332	1.5416284054300915
333	1.5416059416372145
334	1.541594287997144
335	1.5416123791720646
336	1.5415867566820722
337	1.5416008531814018
338	1.541598212590707
339	1.5416405020886959
340	1.5415559931747462
341	1.5415419041842053
342	1.5416002124314323
343	1.54152877131276
344	1.5415821938414689
345	1.5415636721626624
346	1.5415726601827426
347	1.5415636871802394
348	1.541605979181158
349	1.541482937666502
350	1.5415899604319199
351	1.5415880381820113
352	1.5415393411843272
353	1.5415867566820722
354	1.5415784194236797
355	1.5415944456817066
356	1.5415611266832911
357	1.5415297299347843
358	1.5416602852440053
359	1.5415060221859118
360	1.5415925259347278
361	1.5416159133086156
362	1.5415058645013493
363	1.5416046901724303
364	1.541595649590829
365	1.5415764671386163
366	1.5415719818888296
367	1.5415963679316151
368	1.5415861159321027
369	1.54161687193064
370	1.5415872397474792
371	1.541614912136788
372	1.5415521561837178
373	1.541593126637824
374	1.5416437458854166
375	1.5415425449341749
376	1.5415649711831083
377	1.541572019432773
378	1.5416488318382997
379	1.5415547216865257
380	1.5415758564238016
381	1.5415636120923526
382	1.5416365774951328
383	1.541556000683535
384	1.5415265261849367
385	1.5415649736860382
386	1.5415694389123882
387	1.541638654926674
388	1.5416066224340574
389	1.5415998945593774
390	1.5415675166624796
391	1.541623902659798
392	1.5415515154337482
393	1.541560478424533
394	1.5415918751730397
395	1.5415361374344796
396	1.5416149496807314
397	1.5415688156829255
398	1.541595086431676
399	1.541538622843541
400	1.5416021271725522
401	1.5415494354992771
402	1.5415662451742587
403	1.5415457486840225
404	1.5415681774358858
405	1.5416097460901586
406	1.5416200581599808
407	1.5415989309314932
408	1.5416553169288116
409	1.5416578799286897
410	1.5415893221848802
411	1.541586038341286
412	1.5415750654980582
413	1.5415797009236187
414	1.5416200756804876
415	1.541568174932956
416	1.541623917677375
417	1.5414951294364299
418	1.5416083844964736
419	1.5416706173372636
420	1.5416040569312495
421	1.5415457486840225
422	1.5415558429989724
423	1.5415726601827426
424	1.5416117459308838
425	1.541618153430579
426	1.5415899629348497
427	1.541606462246565
428	1.541539979431367
429	1.541570737932834
430	1.5415893196819503
431	1.5415822739352154
432	1.5415975718407375
433	1.541547670933931
434	1.5416053384311885
435	1.5415546816396524
436	1.5415880206615045
437	1.5415495931838397
438	1.5416476279291773
439	1.541556964311419
440	1.5415393036403837
441	1.5415752231826207
442	1.541600535309347
443	1.5415757863417736
444	1.5415860783881592
445	1.541609105340189
446	1.5415579204305137
447	1.5416014939313714
448	1.5415867191381287
449	1.5416409025574271
450	1.5416002049226436
451	1.5415021776860947
452	1.5415380571814583
453	1.5415425474371047
454	1.5416110275900976
455	1.5415750654980582
456	1.541619437433448
457	1.541550236436739
458	1.5415393336755385
459	1.5416098061604684
460	1.5414797514371612
461	1.541484236686948
462	1.5415893171790205
463	1.5415865989975097
464	1.5415864388100173
465	1.5415526392491248
466	1.541557765248881
467	1.5415649536626015
468	1.5415194779352719
469	1.5414835959369784
470	1.5416226386803658
471	1.541629609339214
472	1.5416206788865137
473	1.5415918826818285
474	1.5415822714322855
475	1.541573864091865
476	1.5415578853895
477	1.5415963303876716
478	1.5415553524247767
479	1.5415553599335654
480	1.541580031310322
481	1.5415937273409204
482	1.5415771078885858
483	1.5415515154337482
484	1.5415643304331388
485	1.5415399844372266
486	1.5416289685892444
487	1.5414867220960093
488	1.5415630489331997
489	1.541578749810383
490	1.5415982901815237
491	1.54153549668451
492	1.5415495931838397
493	1.5416019769967784
494	1.54154559099946
495	1.5415706603420174
496	1.541568174932956
497	1.5415861159321027
498	1.5415886789319808
499	1.541558563683413
0	1.523766408752231
1	0.0
2	1.5415060221859118
3	1.541726442678359
4	1.5415723423106877
5	1.5415806720602916
6	1.541477751596436
7	1.5417024145545017
8	1.5416021346813409
9	1.5414405080044575
10	1.5415169149353938
11	1.5415584860925964
12	1.541457307667721
13	1.5417001519061717
14	1.5415252446849976
15	1.5414970516863384
16	1.5415726626856725
17	1.5414918881426387
18	1.5415957246787158
19	1.5416194349305181
20	1.541547670933931
21	1.541626165308128
22	1.541605180746626
23	1.541581630682316
24	1.5415765046825598
25	1.5415431856841444
26	1.5416001748874888
27	1.5415546816396524
28	1.5415905986789595
29	1.541650831679025
30	1.541603098309225
31	1.5416091453870622
32	1.541605180746626
33	1.5415295722502218
34	1.5415545614990334
35	1.5415282907502827
36	1.5416027754313104
37	1.5415841160913775
38	1.541516912432464
39	1.5415614495612058
40	1.541556483748942
41	1.5415470226751729
42	1.541593804931737
43	1.5415784269324684
44	1.5415620903111753
45	1.5414898457521111
46	1.5415354891757214
47	1.5415649536626015
48	1.5416181509276492
49	1.54153990434348
50	1.541533897312516
51	1.5416412029089752
52	1.5415188371853024
53	1.5415188371853024
54	1.5416423442448586
55	1.5415764270917431
56	1.541598272661017
57	1.5416232794303353
58	1.541523322435089
59	1.5415584059988505
60	1.5415122720010446
61	1.541545105431123
62	1.5415483116839006
63	1.5415188371853024
64	1.5415925159230093
65	1.5415450703901095
66	1.541615590430701
67	1.5415034591860337
68	1.5415322929346624
69	1.5415547216865257
70	1.541603098309225
71	1.5416197578084327
72	1.5415813128102611
73	1.5415014993921816
74	1.5415944456817066
75	1.5415592044333826
76	1.5415374189344186
77	1.5415456710932058
78	1.5415425449341749
79	1.5415281305627904
80	1.5416088650589508
81	1.541591724997266
82	1.5415482941633938
83	1.5415213826646736
84	1.5415540809365562
85	1.5415262083128818
86	1.5415878804974488
87	1.5415514778898047
88	1.5415931566729788
89	1.5416258424302134
90	1.5415770678417127
91	1.5416335314298477
92	1.5415483116839006
93	1.541559845183352
94	1.541582233888342
95	1.541530353164247
96	1.541618153430579
97	1.5415470276810317
98	1.5414784699372222
99	1.541572582591926
100	1.541536129925691
101	1.5416085396781063
102	1.541523322435089
103	1.5415710608107487
104	1.541520756932281
105	1.5415662451742587
106	1.5415944456817066
107	1.5415219633443333
108	1.54161687193064
109	1.5415140340634608
110	1.5415322929346624
111	1.5415806720602916
112	1.5415898828411032
113	1.54151299284476
114	1.541547673436861
115	1.5415623305924135
116	1.5415514778898047
117	1.5416001348406156
118	1.5415348384140337
119	1.5415707204123272
120	1.5416271264330823
121	1.5415668558890734
122	1.541593807434667
123	1.5415718617482106
124	1.541538622843541
125	1.5415692987483325
126	1.5415636896831693
127	1.541525237176209
128	1.5415630489331997
129	1.5415571244989115
130	1.5415034616889636
131	1.5415406251871961
132	1.5415169149353938
133	1.541530368181824
134	1.5415918851847583
135	1.54159436809089
136	1.5415495556398962
137	1.541520759435211
138	1.541548153999338
139	1.5415502314308793
140	1.5416027779342403
141	1.5415963679316151
142	1.541548274139957
143	1.541532255390719
144	1.541546872499399
145	1.5416763840869894
146	1.5415246014320982
147	1.5415495556398962
148	1.5415700796623577
149	1.5415784269324684
150	1.5414855206898168
151	1.5415848344321637
152	1.5415635319986067
153	1.5414784323932786
154	1.5415155958915112
155	1.5415969911610778
156	1.541556000683535
157	1.5415725024981801
158	1.5415519984991553
159	1.5415771078885858
160	1.5415386829138509
161	1.5415835504292947
162	1.5415700971828645
163	1.5416123090900367
164	1.5415719818888296
165	1.5416508341819548
166	1.5416399013855995
167	1.5415053438919988
168	1.5415290891848148
169	1.5415899604319199
170	1.5415444696870133
171	1.5415579229334435
172	1.5415265261849367
173	1.5415380421638814
174	1.5415713711740149
175	1.5415720169298432
176	1.5413958131911532
177	1.5415303731876837
178	1.5415425449341749
179	1.5416008531814018
180	1.5414887244396644
181	1.5415406226842663
182	1.5415153155633998
183	1.5415636721626624
184	1.541593804931737
185	1.5415310114347234
186	1.5415717015607182
187	1.5415098291417855
188	1.5415239631850586
189	1.5416130274308228
190	1.5415925259347278
191	1.541569939498302
192	1.5415989334344231
193	1.5416232418863918
194	1.5415930865909508
195	1.5416219954274664
196	1.5415374189344186
197	1.5415137111855461
198	1.5416059015903414
199	1.5415758464120835
200	1.541627762177192
201	1.5415726601827426
202	1.541658843556574
203	1.54156432292435
204	1.5415457486840225
205	1.5416053384311885
206	1.5415335744346015
207	1.541520759435211
208	1.5415479938118457
209	1.5415181964353328
210	1.5415969911610778
211	1.54155086717499
212	1.5415431831812145
213	1.5415803516853068
214	1.541566893433017
215	1.5415968509970222
216	1.5415188196647955
217	1.541558563683413
218	1.5415614495612058
219	1.5414956925955827
220	1.5415854676733445
221	1.5415963654286853
222	1.5415963654286853
223	1.5415534376836568
224	1.5415419066871352
225	1.541625199177314
226	1.5415483116839006
227	1.5416098236809752
228	1.541599554160956
229	1.5415552022490029
230	1.5416174350897929
231	1.5415028184360642
232	1.541622561089549
233	1.5415335744346015
234	1.5415777861824989
235	1.5415617699361905
236	1.5415628912486372
237	1.5416251240894272
238	1.5415175381648565
239	1.5415494354992771
240	1.5416091453870622
241	1.5416264456362394
242	1.5415867566820722
243	1.5415825943102002
244	1.5415550420615105
245	1.5415848369350935
246	1.5415803316618701
247	1.5415732984297823
248	1.5416162336836003
249	1.5415487947493076
250	1.5416083844964736
251	1.5416053384311885
252	1.5415899604319199
253	1.5415566339247158
254	1.5415687981624187
255	1.5416002124314323
256	1.5415970086815847
257	1.541553435180727
258	1.541570737932834
259	1.541514344426727
260	1.541593804931737
261	1.541589942911413
262	1.5415341976640642
263	1.5416937619269833
264	1.5415297299347843
265	1.5415624081832302
266	1.5415870795599869
267	1.5415335719316716
268	1.5415181989382627
269	1.5415994940906461
270	1.541591845137885
271	1.5415662151391039
272	1.5415757062480278
273	1.541579065179508
274	1.5415848344321637
275	1.5415667357484544
276	1.5415937874112302
277	1.5416175051718208
278	1.5415265286878665
279	1.5415322954375923
280	1.5416071029965346
281	1.5416226011364222
282	1.5415739416826817
283	1.5415802715915603
284	1.5416091804280758
285	1.541554716680666
286	1.5415700896740758
287	1.5415841861734054
288	1.541546389433992
289	1.5415393411843272
290	1.5415431856841444
291	1.5415736238106268
292	1.541565294061023
293	1.541556603889561
294	1.5415864388100173
295	1.5416001348406156
296	1.5415185193132475
297	1.5415719418419565
298	1.5415572796805441
299	1.5416418586765217
300	1.5415252446849976
301	1.5415835554351545
302	1.541610386840128
303	1.5415149926854852
304	1.5415765046825598
305	1.541588361059926
306	1.5415361399374095
307	1.541576497173771
308	1.5415777861824989
309	1.5416412129206933
310	1.5415880381820113
311	1.5416008531814018
312	1.541544790061998
313	1.541583515388281
314	1.5415713711740149
315	1.5416191170584632
316	1.5416590838378121
317	1.541587319841225
318	1.5415835529322246
319	1.5415944481846364
320	1.5415622504986677
321	1.5415680973421393
322	1.5415725024981801
323	1.5416175126806095
324	1.541580349182377
325	1.541582912182255
326	1.5415680172483934
327	1.5415854576616264
328	1.5415989284285634
329	1.5415598426804222
330	1.5415367781844491
331	1.541581630682316
332	1.5416284054300915
333	1.5416059416372145
334	1.541594287997144
335	1.5416123791720646
336	1.5415867566820722
337	1.5416008531814018
338	1.541598212590707
339	1.5416405020886959
340	1.5415559931747462
341	1.5415419041842053
342	1.5416002124314323
343	1.54152877131276
344	1.5415821938414689
345	1.5415636721626624
346	1.5415726601827426
347	1.5415636871802394
348	1.541605979181158
349	1.541482937666502
350	1.5415899604319199
351	1.5415880381820113
352	1.5415393411843272
353	1.5415867566820722
354	1.5415784194236797
355	1.5415944456817066
356	1.5415611266832911
357	1.5415297299347843
358	1.5416602852440053
359	1.5415060221859118
360	1.5415925259347278
361	1.5416159133086156
362	1.5415058645013493
363	1.5416046901724303
364	1.541595649590829
365	1.5415764671386163
366	1.5415719818888296
367	1.5415963679316151
368	1.5415861159321027
369	1.54161687193064
370	1.5415872397474792
371	1.541614912136788
372	1.5415521561837178
373	1.541593126637824
374	1.5416437458854166
375	1.5415425449341749
376	1.5415649711831083
377	1.541572019432773
378	1.5416488318382997
379	1.5415547216865257
380	1.5415758564238016
381	1.5415636120923526
382	1.5416365774951328
383	1.541556000683535
384	1.5415265261849367
385	1.5415649736860382
386	1.5415694389123882
387	1.541638654926674
388	1.5416066224340574
389	1.5415998945593774
390	1.5415675166624796
391	1.541623902659798
392	1.5415515154337482
393	1.541560478424533
394	1.5415918751730397
395	1.5415361374344796
396	1.5416149496807314
397	1.5415688156829255
398	1.541595086431676
399	1.541538622843541
400	1.5416021271725522
401	1.5415494354992771
402	1.5415662451742587
403	1.5415457486840225
404	1.5415681774358858
405	1.5416097460901586
406	1.5416200581599808
407	1.5415989309314932
408	1.5416553169288116
409	1.5416578799286897
410	1.5415893221848802
411	1.541586038341286
412	1.5415750654980582
413	1.5415797009236187
414	1.5416200756804876
415	1.541568174932956
416	1.541623917677375
417	1.5414951294364299
418	1.5416083844964736
419	1.5416706173372636
420	1.5416040569312495
421	1.5415457486840225
422	1.5415558429989724
423	1.5415726601827426
424	1.5416117459308838
425	1.541618153430579
426	1.5415899629348497
427	1.541606462246565
428	1.541539979431367
429	1.541570737932834
430	1.5415893196819503
431	1.5415822739352154
432	1.5415975718407375
433	1.541547670933931
434	1.5416053384311885
435	1.5415546816396524
436	1.5415880206615045
437	1.5415495931838397
438	1.5416476279291773
439	1.541556964311419
440	1.5415393036403837
441	1.5415752231826207
442	1.541600535309347
443	1.5415757863417736
444	1.5415860783881592
445	1.541609105340189
446	1.5415579204305137
447	1.5416014939313714
448	1.5415867191381287
449	1.5416409025574271
450	1.5416002049226436
451	1.5415021776860947
452	1.5415380571814583
453	1.5415425474371047
454	1.5416110275900976
455	1.5415750654980582
456	1.541619437433448
457	1.541550236436739
458	1.5415393336755385
459	1.5416098061604684
460	1.5414797514371612
461	1.541484236686948
462	1.5415893171790205
463	1.5415865989975097
464	1.5415864388100173
465	1.5415526392491248
466	1.541557765248881
467	1.5415649536626015
468	1.5415194779352719
469	1.5414835959369784
470	1.5416226386803658
471	1.541629609339214
472	1.5416206788865137
473	1.5415918826818285
474	1.5415822714322855
475	1.541573864091865
476	1.5415578853895
477	1.5415963303876716
478	1.5415553524247767
479	1.5415553599335654
480	1.541580031310322
481	1.5415937273409204
482	1.5415771078885858
483	1.5415515154337482
484	1.5415643304331388
485	1.5415399844372266
486	1.5416289685892444
487	1.5414867220960093
488	1.5415630489331997
489	1.541578749810383
490	1.5415982901815237
491	1.54153549668451
492	1.5415495931838397
493	1.5416019769967784
494	1.54154559099946
495	1.5415706603420174
496	1.541568174932956
497	1.5415861159321027
498	1.5415886789319808
499	1.541558563683413
