0	2.164031
1	2.164172
2	2.163164
3	2.165461
4	2.161027
5	2.163836
6	2.161989
7	2.165279
8	2.163386
9	2.16335
10	2.162637
11	2.164346
12	2.162952
13	2.165486
14	2.161373
15	2.163845
16	2.1621
17	2.164726
18	2.163475
19	2.164146
20	2.162796
21	2.164078
22	2.163084
23	2.165411
24	2.161723
25	2.165415
26	2.163208
27	2.163573
28	2.163325
29	2.163677
30	2.162382
31	2.16411
32	2.162929
33	2.165429
34	2.162106
35	2.164636
36	2.163095
37	2.165862
38	2.164365
39	2.164968
40	2.163323
41	2.165117
42	2.163869
43	2.167252
44	2.162344
45	2.164835
46	2.163023
47	2.165812
48	2.164759
49	2.164744
50	2.163321
51	2.165128
52	2.163924
53	2.165724
54	2.162526
55	2.164531
56	2.163087
57	2.1658
58	2.165142
59	2.165239
60	2.163241
61	2.165189
62	2.164349
63	2.16672
64	2.163154
65	2.164597
66	2.162924
67	2.166184
68	2.164561
69	2.166252
70	2.162834
71	2.167342
72	2.163421
73	2.166997
74	2.163349
75	2.164491
76	2.164215
77	2.164861
78	2.164627
79	2.165515
80	2.163362
81	2.165646
82	2.165097
83	2.166999
84	2.163235
85	2.166521
86	2.163386
87	2.166116
88	2.164802
89	2.165992
90	2.163537
91	2.165774
92	2.164395
93	2.167285
94	2.163159
95	2.165759
96	2.163262
97	2.166152
98	2.164643
99	2.165276
100	2.163342
101	2.166563
102	2.164499
103	2.167456
104	2.163623
105	2.166058
106	2.163905
107	2.167263
108	2.16532
109	2.167126
110	2.163648
111	2.165789
112	2.164471
113	2.166967
114	2.163869
115	2.16712
116	2.16474
117	2.166749
118	2.164733
119	2.165732
120	2.163756
121	2.165515
122	2.164809
123	2.167058
124	2.163827
125	2.167047
126	2.164103
127	2.167565
128	2.165476
129	2.165429
130	2.163795
131	2.165127
132	2.164889
133	2.16756
134	2.163975
135	2.166375
136	2.165113
137	2.167167
138	2.164868
139	2.166352
140	2.164752
141	2.16645
142	2.165099
143	2.166927
144	2.16353
145	2.166816
146	2.164778
147	2.166603
148	2.165385
149	2.166835
150	2.164595
151	2.167501
152	2.165601
153	2.167342
154	2.164248
155	2.166649
156	2.165124
157	2.168139
158	2.165466
159	2.16674
160	2.165323
161	2.166929
162	2.165619
163	2.16657
164	2.161753
165	2.163522
166	2.162375
167	2.165396
168	2.163402
169	2.165476
170	2.164231
171	2.16604
172	2.163644
173	2.166097
174	2.163468
175	2.165485
176	2.163377
177	2.166827
178	2.164216
179	2.165602
180	2.163948
181	2.166129
182	2.164522
183	2.167237
184	2.163559
185	2.166315
186	2.161882
187	2.165643
188	2.164126
189	2.165374
190	2.164071
191	2.165402
192	2.165771
193	2.16852
194	2.164853
195	2.167825
196	2.165141
197	2.168181
198	2.165794
199	2.167197
200	2.165417
201	2.167671
202	2.165918
203	2.167139
204	2.16422
205	2.166772
206	2.164646
207	2.167657
208	2.165123
209	2.167023
210	2.164855
211	2.167603
212	2.165209
213	2.16808
214	2.164386
215	2.166974
216	2.165032
217	2.167197
218	2.165672
219	2.166956
220	2.164941
221	2.166834
222	2.165473
223	2.167849
224	2.164472
225	2.167235
226	2.165114
227	2.167575
228	2.16546
229	2.166965
230	2.164998
231	2.16798
232	2.165567
233	2.167932
234	2.164416
235	2.167757
236	2.164909
237	2.16807
238	2.165577
239	2.167024
240	2.16535
241	2.167317
242	2.165569
243	2.168508
244	2.164386
245	2.167028
246	2.165561
247	2.167771
248	2.166066
249	2.167731
250	2.165215
251	2.16734
252	2.166023
253	2.168094
254	2.164572
255	2.167798
256	2.165395
257	2.166755
258	2.165413
259	2.166255
260	2.164383
261	2.165595
262	2.165037
263	2.167063
264	2.163953
265	2.166955
266	2.16588
267	2.168561
268	2.166331
269	2.16735
270	2.165789
271	2.167875
272	2.166309
273	2.168893
274	2.164587
275	2.168046
276	2.166011
277	2.168364
278	2.166003
279	2.16732
280	2.165577
281	2.1682
282	2.166131
283	2.168647
284	2.16513
285	2.168053
286	2.165958
287	2.168307
288	2.166167
289	2.167621
290	2.166228
291	2.167971
292	2.166203
293	2.168832
294	2.165335
295	2.168069
296	2.166111
297	2.168185
298	2.166693
299	2.167516
300	2.166198
301	2.168055
302	2.166407
303	2.16901
304	2.165002
305	2.168081
306	2.166331
307	2.168602
308	2.165305
309	2.166669
310	2.164096
311	2.166257
312	2.164834
313	2.167755
314	2.164164
315	2.166923
316	2.164965
317	2.167345
318	2.165453
319	2.166561
320	2.16515
321	2.167086
322	2.163512
323	2.168154
324	2.164034
325	2.167292
326	2.165253
327	2.167642
328	2.166883
329	2.168005
330	2.166363
331	2.168767
332	2.166704
333	2.169043
334	2.165235
335	2.168908
336	2.166412
337	2.16882
338	2.167009
339	2.168202
340	2.16654
341	2.168361
342	2.167217
343	2.16915
344	2.165319
345	2.168538
346	2.166678
347	2.168183
348	2.166369
349	2.167822
350	2.166474
351	2.168397
352	2.166104
353	2.16832
354	2.164445
355	2.167674
356	2.165458
357	2.168047
358	2.16595
359	2.167111
360	2.165949
361	2.168005
362	2.16773
363	2.168232
364	2.164855
365	2.167956
366	2.166591
367	2.168385
368	2.166714
369	2.167914
370	2.166822
371	2.1687
372	2.167117
373	2.169241
374	2.165313
375	2.168607
376	2.167022
377	2.168972
378	2.167329
379	2.168866
380	2.166813
381	2.16884
382	2.167391
383	2.169417
384	2.165576
385	2.16936
386	2.167115
387	2.169166
388	2.167484
389	2.168133
390	2.167044
391	2.169286
392	2.167413
393	2.169474
394	2.165629
395	2.169014
396	2.166999
397	2.16892
398	2.16738
399	2.168526
400	2.167177
401	2.169318
402	2.167414
403	2.169824
404	2.165893
405	2.1693
406	2.166848
407	2.169358
408	2.167479
409	2.169253
410	2.167086
411	2.169073
412	2.167451
413	2.170212
414	2.166385
415	2.169037
416	2.16725
417	2.169974
418	2.167929
419	2.169085
420	2.167665
421	2.169956
422	2.167668
423	2.170564
424	2.166544
425	2.170065
426	2.167949
427	2.169954
428	2.16817
429	2.169046
430	2.16795
431	2.169646
432	2.167547
433	2.169771
434	2.165769
435	2.169759
436	2.167902
437	2.169777
438	2.168324
439	2.169653
440	2.16794
441	2.169852
442	2.168342
443	2.170326
444	2.167029
445	2.17014
446	2.167903
447	2.169917
448	2.168257
449	2.169233
450	2.168282
451	2.169988
452	2.16832
453	2.169999
454	2.167049
455	2.169607
456	2.167625
457	2.169616
458	2.168433
459	2.169984
460	2.168132
461	2.170266
462	2.168345
463	2.170577
464	2.167701
465	2.170223
466	2.168161
467	2.170135
468	2.168326
469	2.168227
470	2.168574
471	2.170434
472	2.168833
473	2.170486
474	2.166929
475	2.170114
476	2.167921
477	2.169951
478	2.168007
479	2.168945
480	2.168261
481	2.169954
482	2.16872
483	2.170637
484	2.166883
485	2.170381
486	2.16834
487	2.170314
488	2.168473
489	2.169461
490	2.168488
491	2.170424
492	2.168702
493	2.170619
494	2.167058
495	2.170504
496	2.168447
497	2.170372
498	2.168062
499	2.168902
500	2.167315
501	2.169795
502	2.168373
503	2.170115
504	2.166552
505	2.168875
506	2.167866
507	2.169802
508	2.168111
509	2.168875
510	2.166383
511	2.169538
512	2.168421
513	2.168495
514	2.166455
515	2.167639
516	2.167138
517	2.168328
518	2.167459
519	2.168339
520	2.167182
521	2.168469
522	2.167674
523	2.168347
524	2.166608
525	2.168361
526	2.167198
527	2.169164
528	2.168336
529	2.169789
530	2.167279
531	2.170996
532	2.169172
533	2.171062
534	2.167311
535	2.170013
536	2.169055
537	2.171014
538	2.169339
539	2.170676
540	2.168041
541	2.170826
542	2.169164
543	2.170661
544	2.167252
545	2.169188
546	2.168416
547	2.170818
548	2.168966
549	2.16996
550	2.16762
551	2.171071
552	2.169325
553	2.170792
554	2.167811
555	2.169992
556	2.16878
557	2.171031
558	2.169234
559	2.169535
560	2.167528
561	2.171233
562	2.169179
563	2.169026
564	2.166108
565	2.167696
566	2.167103
567	2.169419
568	2.167585
569	2.167614
570	2.166768
571	2.169865
572	2.168077
573	2.1697
574	2.167607
575	2.16951
576	2.168058
577	2.170003
578	2.167879
579	2.166502
580	2.166526
581	2.16954
582	2.168306
583	2.169859
584	2.167125
585	2.170575
586	2.169355
587	2.170943
588	2.168566
589	2.169629
590	2.167357
591	2.170343
592	2.169449
593	2.170828
594	2.168113
595	2.169813
596	2.169328
597	2.171178
598	2.169367
599	2.170143
600	2.167928
601	2.171191
602	2.169824
603	2.170868
604	2.16813
605	2.170801
606	2.169653
607	2.171383
608	2.169737
609	2.169899
610	2.168816
611	2.170695
612	2.169144
613	2.17063
614	2.168598
615	2.170406
616	2.169657
617	2.171271
618	2.169641
619	2.17004
620	2.168457
621	2.171064
622	2.169525
623	2.171072
624	2.169279
625	2.169938
626	2.169628
627	2.171399
628	2.169888
629	2.170323
630	2.168422
631	2.17129
632	2.16956
633	2.170932
634	2.167734
635	2.169284
636	2.169328
637	2.170949
638	2.169346
639	2.170228
640	2.16858
641	2.171302
642	2.170012
643	2.171273
644	2.168182
645	2.169314
646	2.169533
647	2.170791
648	2.16956
649	2.170584
650	2.167726
651	2.171103
652	2.169621
653	2.170792
654	2.167923
655	2.169652
656	2.169316
657	2.170623
658	2.169244
659	2.170463
660	2.168347
661	2.171364
662	2.170137
663	2.171105
664	2.167823
665	2.170069
666	2.170034
667	2.171422
668	2.168495
669	2.166794
670	2.165196
671	2.169456
672	2.169338
673	2.16185
674	2.163842
675	2.16246
676	2.163136
677	2.163564
678	2.16303
679	2.163896
680	2.161933
681	2.162277
682	2.162562
683	2.162403
684	2.163895
685	2.163595
686	2.163479
687	2.164057
688	2.166526
689	2.16448
690	2.16386
691	2.166613
692	2.166781
693	2.163401
694	2.164882
695	2.163168
696	2.165106
697	2.164576
698	2.167217
699	2.165531
700	2.165176
701	2.165295
702	2.165351
703	2.163417
704	2.164336
705	2.163579
706	2.165036
707	2.1638
708	2.166452
709	2.166045
710	2.16553
711	2.165646
712	2.165896
713	2.16401
714	2.165988
715	2.165508
716	2.165231
717	2.162679
718	2.16341
719	2.161105
720	2.163828
721	2.162675
722	2.164819
723	2.162797
724	2.164829
725	2.163413
726	2.164958
727	2.162015
728	2.165673
729	2.163202
730	2.164223
731	2.164052
732	2.164352
733	2.164177
734	2.162381
735	2.163191
736	2.164286
737	2.164025
738	2.165666
739	2.163214
740	2.164438
741	2.163722
742	2.165059
743	2.167035
744	2.165464
745	2.163595
746	2.167099
747	2.163891
748	2.165994
749	2.164124
750	2.165311
751	2.164414
752	2.166432
753	2.164263
754	2.165842
755	2.163819
756	2.164998
757	2.164216
758	2.166355
759	2.163996
760	2.165479
761	2.16391
762	2.165478
763	2.16573
764	2.166813
765	2.163746
766	2.167018
767	2.165593
768	2.167315
769	2.164886
770	2.166084
771	2.164726
772	2.167421
773	2.166096
774	2.165945
775	2.164556
776	2.166993
777	2.165617
778	2.166435
779	2.164138
780	2.166251
781	2.164329
782	2.166041
783	2.166325
784	2.166285
785	2.165313
786	2.166124
787	2.165659
788	2.166879
789	2.16539
790	2.166186
791	2.165762
792	2.16645
793	2.164784
794	2.166079
795	2.164054
796	2.165752
797	2.165085
798	2.166413
799	2.164896
800	2.165639
801	2.164469
802	2.165921
803	2.165137
804	2.166524
805	2.165265
806	2.166637
807	2.165049
808	2.167081
809	2.165525
810	2.166478
811	2.165443
812	2.167145
813	2.165765
814	2.166771
815	2.165143
816	2.16728
817	2.165771
818	2.168116
819	2.165839
820	2.166582
821	2.165756
822	2.167321
823	2.16573
824	2.167346
825	2.164439
826	2.167088
827	2.166292
828	2.167788
829	2.16623
830	2.167411
831	2.165843
832	2.16764
833	2.166273
834	2.167165
835	2.165452
836	2.167792
837	2.166225
838	2.167405
839	2.166671
840	2.166801
841	2.165586
842	2.167545
843	2.166458
844	2.167416
845	2.165682
846	2.16722
847	2.165401
848	2.167222
849	2.166388
850	2.166883
851	2.166259
852	2.167015
853	2.16636
854	2.16748
855	2.165775
856	2.167291
857	2.166714
858	2.167995
859	2.16584
860	2.167496
861	2.166013
862	2.167804
863	2.166391
864	2.167423
865	2.165939
866	2.167949
867	2.166575
868	2.167893
869	2.166404
870	2.167296
871	2.16598
872	2.167302
873	2.166332
874	2.167596
875	2.165989
876	2.167331
877	2.167367
878	2.168057
879	2.165895
880	2.168124
881	2.166757
882	2.168226
883	2.166901
884	2.168012
885	2.165827
886	2.167774
887	2.167129
888	2.1687
889	2.166423
890	2.167466
891	2.166555
892	2.167611
893	2.16705
894	2.167123
895	2.166223
896	2.167546
897	2.16722
898	2.168279
899	2.167125
900	2.167695
901	2.167229
902	2.168547
903	2.16762
904	2.168402
905	2.166184
906	2.168373
907	2.167563
908	2.168693
909	2.166507
910	2.168607
911	2.16697
912	2.168524
913	2.167363
914	2.168031
915	2.165772
916	2.16808
917	2.166517
918	2.168082
919	2.167587
920	2.168261
921	2.167428
922	2.168103
923	2.167758
924	2.168756
925	2.166505
926	2.168825
927	2.167508
928	2.168889
929	2.167192
930	2.168608
931	2.166771
932	2.169044
933	2.167878
934	2.168639
935	2.166785
936	2.168386
937	2.166928
938	2.168313
939	2.167008
940	2.16747
941	2.167398
942	2.169195
943	2.167989
944	2.168644
945	2.167088
946	2.16889
947	2.168377
948	2.169505
949	2.166964
950	2.16824
951	2.167945
952	2.168669
953	2.168147
954	2.168752
955	2.166776
956	2.169113
957	2.167941
958	2.168651
959	2.166894
960	2.168183
961	2.16755
962	2.168124
963	2.168321
964	2.16827
965	2.167372
966	2.168859
967	2.168683
968	2.169103
969	2.167924
970	2.16855
971	2.168087
972	2.169018
973	2.168816
974	2.169146
975	2.167068
976	2.168809
977	2.16886
978	2.168891
979	2.167829
980	2.16844
981	2.167705
982	2.168721
983	2.168047
984	2.16762
985	2.166985
986	2.169346
987	2.168143
988	2.169073
989	2.167746
990	2.168677
991	2.168326
992	2.169334
993	2.168714
994	2.16858
995	2.168074
996	2.169216
997	2.168744
998	2.16939
999	2.168493
