0	2.088089

1	2.087526
2	2.09197

3	2.086464

4	2.089855
5	2.086058
6	2.093143
7	2.084558
8	2.092458

9	2.087644
10	2.090534
11	2.086168
12	2.089782

13	2.08506
14	2.089302
15	2.084406
16	2.08828
17	2.083057
18	2.091185
19	2.086577

20	2.089971
21	2.085722
22	2.089252
23	2.084595
24	2.08838
25	2.084078
26	2.087334

27	2.08676
28	2.091323
29	2.08614
30	2.085816
31	2.085095
32	2.089171
33	2.087785
34	2.087423
35	2.083024

36	2.086924
37	2.082055
38	2.086375
39	2.08247
40	2.085623
41	2.084966
42	2.088645
43	2.08386
44	2.087137
45	2.082501
46	2.08607
47	2.081534
48	2.084705
49	2.083875
50	2.08808

51	2.083648
52	2.086934
53	2.082796
54	2.086077
55	2.081925
56	2.086071
57	2.081579
58	2.085319
59	2.080786
60	2.087186
61	2.08279
62	2.086929
63	2.082623
64	2.08598
65	2.084106
66	2.087684

67	2.080963
68	2.083889
69	2.082972
70	2.087079
71	2.082278
72	2.086977
73	2.082097
74	2.085857
75	2.081713
76	2.084766
77	2.083735
78	2.08661
79	2.082418
80	2.085963
81	2.082308
82	2.085699

83	2.081705
84	2.085519
85	2.080527
86	2.08487
87	2.08014
88	2.08675
89	2.082837
90	2.086147
91	2.081742
92	2.085135
93	2.0809
94	2.085704
95	2.081281
96	2.084217
97	2.080693

98	2.086152
99	2.080142

