0	0.0
1	0.0
2	0.0
3	0.0
4	0.0
5	4.805625e-05
6	0.0
7	5.76675e-05
8	0.0
9	0.0
10	0.0
11	0.0
12	0.0
13	0.0
14	0.0
15	0.0
16	0.0
17	0.0
18	0.0
19	0.0
20	0.0
21	0.0
22	0.0
23	0.0
24	0.0
25	0.0
26	0.0
27	0.0
28	0.0
29	0.0
30	0.0
31	0.0
32	0.0
33	8.58605e-05
34	0.0
35	0.0
36	0.0
37	0.000192225
38	0.0
39	0.0
40	0.0
41	0.0
42	0.0
43	0.0
44	0.0
45	0.0
46	0.0
47	0.0
48	0.0
49	6.4075e-07
50	0.0
51	0.0
52	0.0
53	0.0
54	0.0
55	0.0
56	0.0
57	0.0
58	0.0
59	0.0002441257
60	0.0
61	0.0
62	0.0
63	0.0
64	0.0
65	0.0
66	0.0
67	0.0
68	0.0
69	0.0
70	0.0
71	0.0
72	0.0
73	0.0
74	0.0
75	0.0
76	0.0
77	0.0
78	0.0
79	0.0001364797
80	0.0
81	3.8445e-06
82	0.0
83	0.0
84	0.0
85	0.0
86	0.0
87	0.0
88	0.0
89	0.0
90	0.0
91	0.0
92	0.0
93	0.000174284
94	0.0
95	2.627075e-05
96	0.0
97	0.0
98	0.0
99	5.8949e-05
100	0.0
101	0.0
102	0.0
103	9.803475e-05
104	0.0
105	0.0
106	0.0
107	0.0
108	0.0
109	9.35495e-05
110	0.0
111	0.0002441257
112	0.0
113	0.0001371205
114	0.0
115	0.0
116	0.0
117	0.000276804
118	0.0
119	9.09865e-05
120	0.0
121	0.0
122	0.0
123	0.0
124	0.0
125	0.00010252
126	0.0
127	0.0
128	0.0
129	0.0
130	0.0
131	0.00015378
132	0.0
133	0.0
134	0.0
135	6.53565e-05
136	0.0
137	0.0
138	0.0
139	2.755225e-05
140	0.0
141	0.0
142	0.0
143	1.2815e-06
144	0.0
145	0.0
146	0.0
147	0.0
148	0.0
149	0.000425458
150	0.0
151	0.0
152	0.0
153	0.0
154	0.0
155	0.0
156	0.0
157	0.0
158	0.0
159	9.7394e-05
160	0.0
161	6.79195e-05
162	0.0
163	0.0001941473
164	0.0
165	0.0
166	0.0
167	0.0
168	0.0
169	0.0002556592
170	0.0
171	3.3319e-05
172	0.0
173	0.0
174	0.0
175	0.0
176	0.0
177	0.0
178	0.0
179	0.0002325922
180	0.0
181	0.0
182	0.0
183	0.0
184	0.0
185	0.0
186	0.0
187	0.0
188	0.0
189	0.0
190	0.0
191	0.0
192	0.0
193	9.9957e-05
194	0.0
195	3.3319e-05
196	0.0
197	0.0
198	0.0
199	0.0001941473
200	0.0
201	0.0
202	0.0
203	0.0
204	0.0
205	0.0001082868
206	0.0
207	8.7142e-05
208	0.0
209	0.0004036725
210	0.0
211	0.0
212	0.0
213	2.755225e-05
214	0.0
215	0.0
216	0.0
217	7.881226e-05
218	0.0
219	0.0
220	0.0
221	0.0001569838
222	0.0
223	0.0
224	0.0
225	0.0
226	0.0
227	0.0
228	0.0
229	0.0001935065
230	0.0
231	3.011525e-05
232	0.0
233	0.0001364797
234	0.0
235	0.0
236	0.0
237	0.0
238	0.0
239	0.0001480133
240	0.0
241	0.0
242	0.0
243	2.114475e-05
244	0.0
245	6.53565e-05
246	0.0
247	0.0
248	0.0
249	5.76675e-05
250	0.0
251	0.0
252	0.0
253	9.803475e-05
254	0.0
255	0.0
256	0.0
257	0.0
258	0.0
259	4.933775e-05
260	0.0
261	0.0
262	0.0
263	0.0
264	0.0
265	0.0
266	0.0
267	0.0
268	0.0
269	0.000117898
270	0.0
271	3.908575e-05
272	0.0
273	2.563e-06
274	0.0
275	7.753076e-05
276	0.0
277	0.0
278	0.0
279	0.0002325922
280	0.0
281	0.000199914
282	0.0
283	0.0002652705
284	0.0
285	0.0002659112
286	0.0
287	9.547175e-05
288	0.0
289	0.0
290	0.0
291	0.0002389997
292	0.0
293	0.0004850478
294	0.0
295	0.0
296	0.0
297	0.0001704395
298	0.0
299	0.0002325922
300	0.0
301	0.0001390427
302	0.0
303	0.0001595468
304	0.0
305	2.17855e-05
306	0.0
307	2.498925e-05
308	0.0
309	0.0002633482
310	0.0
311	0.0
312	0.0
313	0.0001005978
314	0.0
315	0.0
316	0.0
317	0.0
318	0.0
319	0.0
320	0.0
321	8.009376e-05
322	0.0
323	8.9705e-06
324	0.0
325	0.0
326	0.0
327	0.0
328	0.0
329	9.290875e-05
330	0.0
331	7.1764e-05
332	0.0
333	0.000240922
334	0.0
335	0.0
336	0.0
337	0.0
338	0.0
339	0.00012815
340	0.0
341	0.0
342	0.0
343	0.000189662
344	0.0
345	0.000189662
346	0.0
347	7.368626e-05
348	0.0
349	0.0002313107
350	0.0
351	0.0
352	0.0
353	7.9453e-05
354	0.0
355	4.1008e-05
356	0.0
357	0.00033319
358	0.0
359	0.0003799648
360	0.0
361	2.43485e-05
362	0.0
363	0.0002223403
364	0.0
365	0.0
366	0.0
367	0.000428021
368	0.0
369	0.0001730025
370	0.0
371	0.0
372	0.0
373	3.524125e-05
374	0.0
375	3.20375e-05
376	0.0
377	1.7941e-05
378	0.0
379	4.164875e-05
380	0.0
381	0.0001243055
382	0.0
383	8.07345e-05
384	0.0
385	8.393826e-05
386	0.0
387	0.0003722758
388	0.0
389	7.881226e-05
390	0.0
391	4.48525e-06
392	0.0
393	0.0003069193
394	0.0
395	0.0002082438
396	0.0
397	0.000320375
398	0.0
399	0.0001294315
400	0.0
401	0.000117898
402	0.0
403	0.0001236647
404	0.0
405	0.0002159328
406	0.0
407	0.0001595468
408	0.0
409	0.000276804
410	0.0
411	9.675325e-05
412	0.0
413	0.0004812033
414	0.0
415	8.9705e-05
416	0.0
417	0.0001800508
418	0.0
419	0.0002172143
420	0.0
421	6.6638e-05
422	0.0
423	7.04825e-05
424	0.0
425	0.0003267825
426	0.0
427	9.931625e-05
428	0.0
429	0.0001781285
430	0.0
431	0.0001038015
432	0.0
433	0.0004735143
434	0.0
435	0.0001903028
436	0.0
437	0.0001762063
438	0.0
439	0.000238359
440	0.0
441	7.30455e-05
442	0.0
443	4.22895e-05
444	0.0
445	0.0
446	0.0
447	0.0001678765
448	0.0
449	0.0003735573
450	0.0
451	8.4579e-05
452	0.0
453	0.0001877398
454	0.0
455	0.000781715
456	0.0
457	0.0001185387
458	0.0
459	0.0001441688
460	0.0
461	0.0
462	0.0
463	7.689e-05
464	0.0
465	0.0001621098
466	0.0
467	0.0
468	0.0
469	0.000271678
470	0.0
471	0.0002825708
472	0.0
473	0.0001621098
474	0.0
475	0.0003761203
476	0.0
477	9.675325e-05
478	0.0
479	0.000125587
480	0.0
481	0.0
482	0.0
483	0.0
484	0.0
485	0.000146091
486	0.0
487	0.0001018793
488	0.0
489	0.000202477
490	0.0
491	0.000246048
492	0.0
493	0.0003370345
494	0.0
495	0.0001211017
496	0.0
497	0.0001403243
498	0.0
499	0.0
500	0.0
501	2.370775e-05
502	0.0
503	0.000261426
504	0.0
505	0.000469029
506	0.0
507	0.000215292
508	0.0
509	0.00028193
510	0.0
511	0.00030756
512	0.0
513	0.0002011955
514	0.0
515	0.000187099
516	0.0
517	0.0003171713
518	0.0
519	8.58605e-05
520	0.0
521	2.883375e-05
522	0.0
523	0.0001428873
524	0.0
525	1.92225e-06
526	0.0
527	0.0
528	0.0
529	0.0003658683
530	0.0
531	0.0
532	0.0
533	0.000322938
534	0.0
535	0.0002389997
536	0.0
537	0.000138402
538	0.0
539	0.0006061496
540	0.0
541	6.215275e-05
542	0.0
543	6.856025e-05
544	0.0
545	0.0001710803
546	0.0
547	9.09865e-05
548	0.0
549	0.0004728735
550	0.0
551	4.3571e-05
552	0.0
553	0.0002633482
554	0.0
555	0.0
556	0.0
557	0.0003645868
558	0.0
559	0.000481844
560	0.0
561	0.0001185387
562	0.0
563	5.702675e-05
564	0.0
565	0.0003171713
566	0.0
567	0.0
568	0.0
569	0.0001653135
570	0.0
571	0.0002261847
572	0.0
573	5.061925e-05
574	0.0
575	0.0001300722
576	0.0
577	8.84235e-05
578	0.0
579	0.000335753
580	0.0
581	0.00023067
582	0.0
583	9.61125e-05
584	0.0
585	0.00020504
586	0.0
587	0.000499785
588	0.0
589	0.000374198
590	0.0
591	0.0003780425
592	0.0
593	0.0002261847
594	0.0
595	0.0002402812
596	0.0
597	0.000115335
598	0.0
599	0.000330627
600	0.0
601	0.0002319515
602	0.0
603	0.0003363938
604	0.0
605	0.0001569838
606	0.0
607	0.000251174
608	0.0
609	0.000366509
610	0.0
611	2.563e-06
612	0.0
613	0.0001018793
614	0.0
615	0.0001390427
616	0.0
617	0.0005888493
618	0.0
619	0.000222981
620	0.0
621	0.0
622	0.0
623	0.0001236647
624	0.0
625	9.09865e-05
626	0.0
627	0.0001108498
628	0.0
629	0.0001909435
630	0.0
631	0.000353694
632	0.0
633	9.419025e-05
634	0.0
635	0.0002056808
636	0.0
637	0.0001992733
638	0.0
639	0.0001159757
640	0.0
641	0.0001121312
642	0.0
643	0.00035882
644	0.0
645	0.0003082008
646	0.0
647	0.0002518147
648	0.0
649	2.3067e-05
650	0.0
651	0.0004760773
652	0.0
653	0.000248611
654	0.0
655	0.0002620667
656	0.0
657	0.0001787693
658	0.0
659	0.0
660	0.0
661	0.0002364367
662	0.0
663	0.000125587
664	0.0
665	5.830825e-05
666	0.0
667	0.0
668	0.0
669	0.000253737
670	0.0
671	0.0001941473
672	0.001109138
673	0.0
674	0.0001441688
675	0.0001345575
676	0.0
677	0.0006375463
678	0.0
679	0.000138402
680	0.0
681	0.0001146942
682	0.0
683	0.0001063645
684	0.0
685	0.0006676616
686	0.0
687	1.473725e-05
688	0.0
689	7.04825e-06
690	0.0
691	8.265676e-05
692	0.0
693	9.290875e-05
694	0.0
695	0.0
696	0.0
697	3.71635e-05
698	0.0
699	3.8445e-06
700	0.0
701	0.0002037585
702	0.0
703	6.471575e-05
704	0.0
705	0.0
706	0.0
707	0.0
708	0.0
709	0.0003479273
710	0.0
711	0.0005677046
712	0.0
713	0.0001345575
714	0.0
715	0.0002806485
716	0.0
717	0.0
718	0.0
719	4.3571e-05
720	0.0
721	0.000148654
722	0.0
723	4.293025e-05
724	0.0
725	6.4075e-06
726	0.0
727	9.09865e-05
728	0.0
729	0.0003626645
730	0.0
731	4.1008e-05
732	0.0
733	5.126e-06
734	0.0
735	0.0001633913
736	0.0
737	0.0
738	0.0
739	0.000815034
740	0.0
741	0.0
742	0.0
743	6.471575e-05
744	0.0
745	0.0002011955
746	0.0
747	0.0
748	0.0
749	0.0006618948
750	0.0
751	0.00015378
752	0.0
753	1.089275e-05
754	0.0
755	0.0
756	0.0
757	0.0002364367
758	0.0
759	0.000125587
760	0.0
761	0.0001287907
762	0.0
763	0.0001371205
764	0.0
765	0.0
766	0.0
767	8.32975e-05
768	0.0
769	0.0001377612
770	0.0
771	0.000105083
772	0.0
773	0.0003351123
774	0.0
775	0.000212729
776	0.0
777	0.0001159757
778	0.0
779	0.0002165735
780	0.0
781	0.0003017933
782	0.0
783	8.778275e-05
784	0.0
785	9.09865e-05
786	0.0
787	0.0003261418
788	0.0
789	0.0
790	0.0
791	0.0
792	0.0
793	0.0002011955
794	0.0
795	0.000197351
796	0.0
797	0.0001781285
798	0.0
799	0.0003158898
800	0.0
801	4.48525e-05
802	0.0
803	0.0001159757
804	0.0
805	8.265676e-05
806	0.0
807	0.0001633913
808	0.0
809	5.126e-06
810	0.0
811	0.000251174
812	0.0
813	0.0001121312
814	0.0
815	8.2016e-05
816	0.0
817	8.778275e-05
818	0.0
819	0.000181973
820	0.0
821	0.0002748817
822	0.0
823	0.0
824	0.0
825	7.112326e-05
826	0.0
827	0.0001480133
828	0.0
829	9.2268e-05
830	0.0
831	5.574525e-05
832	0.0
833	0.0003447235
834	0.0
835	0.0002454072
836	0.0
837	0.000284493
838	0.0
839	0.0003344715
840	0.0
841	0.0001749248
842	0.0
843	0.0001326352
844	0.0
845	0.0001499355
846	0.0
847	8.009376e-05
848	0.0
849	9.09865e-05
850	0.0
851	5.190075e-05
852	0.0
853	0.0002005548
854	0.0
855	0.0003267825
856	0.0
857	0.0002133698
858	0.0
859	0.000217855
860	0.0
861	0.0001582653
862	0.0
863	0.000225544
864	0.0
865	0.0002825708
866	0.0
867	0.0
868	0.0
869	8.58605e-05
870	0.0
871	0.0002563
872	0.0
873	0.0005645008
874	0.0
875	4.1008e-05
876	0.0
877	0.0
878	0.0
879	0.0
880	0.0
881	4.421175e-05
882	0.0
883	0.000143528
884	0.0
885	0.0
886	0.0
887	0.0002710372
888	0.0
889	0.0003902168
890	0.0
891	8.9705e-05
892	0.0
893	0.0002216995
894	0.0
895	0.0002723187
896	0.0
897	1.5378e-05
898	0.0
899	0.000171721
900	0.0
901	8.07345e-05
902	0.0
903	0.00015378
904	0.0
905	0.0001018793
906	0.0
907	0.000420332
908	0.0
909	0.0002236217
910	0.0
911	0.0001473725
912	0.0
913	0.0003005118
914	0.0
915	0.0002736002
916	0.0
917	0.0003889353
918	0.0
919	0.0001915843
920	0.0
921	0.0
922	0.0
923	0.0002652705
924	0.0
925	0.0001018793
926	0.0
927	0.00015378
928	0.0
929	0.0001518578
930	0.0
931	0.0001608283
932	0.0
933	0.000279367
934	0.0
935	6.27935e-05
936	0.0
937	0.0001057238
938	0.0
939	2.8193e-05
940	0.0
941	0.000356257
942	0.0
943	0.0001595468
944	0.0
945	0.0003985465
946	0.0
947	0.0001736433
948	0.0
949	0.0001448095
950	0.0
951	0.0002812893
952	0.0
953	0.0006445946
954	0.0
955	0.0001723618
956	0.0
957	0.000174284
958	0.0
959	0.0002569407
960	0.0
961	0.0002108068
962	0.0
963	0.0003671498
964	0.0
965	0.0003466458
966	0.0
967	9.034575e-05
968	0.0
969	0.0002082438
970	0.0
971	0.0002223403
972	0.0
973	0.000302434
974	0.0
975	0.0003934205
976	0.0
977	0.0001146942
978	0.0
979	0.0006343426
980	0.0
981	0.000176847
982	0.0
983	0.0002889783
984	0.0
985	0.0002851338
986	0.0
987	0.0001544208
988	0.0
989	0.000310123
990	0.0
991	0.0
992	0.0
993	0.00023067
994	0.0
995	0.000402391
996	0.0
997	0.0004651845
998	0.0
999	0.000133276
